1 42 153 185 190 258 283 322 363 433 511 512 513 742 818 1068 1271 1414 1478 1525 1615 1724 1786
2 36 59 96 258 306 405 604 662 666 715 722 732 745 794 818 994 1126 1158 1174 1266 1316 1396 1455 1615 1772 1824
9 10 15 36 42 56 59 96 98 190 198 245 258 278 287 289 291 292 306 322 363 378 398 405 433 435 511 512 513 546 563 588 596 601 604 662 665 666 669 678 715 722 732 742 745 794 816 818 825 900 929 946 988 994 1004 1061 1092 1126 1149 1158 1168 1174 1201 1224 1230 1266 1308 1316 1321 1396 1445 1455 1469 1475 1615 1751 1772 1774 1786 1797 1824 1923
10 42 50 59 198 258 306 363 405 413 435 511 512 513 604 662 666 722 732 742 745 794 802 818 975 988 994 1092 1158 1201 1266 1271 1316 1321 1396 1462 1615 1786 1836
13 96 306 618 802 825 872 975 1174 1224 1396 1462 1469 1609 1772 1836
18 258 513 658 722 1414 1455 1786 1824
22 36 50 59 174 190 198 258 287 306 322 378 382 433 435 496 511 512 513 541 658 662 665 666 722 732 794 900 988 994 1004 1092 1158 1166 1168 1174 1201 1230 1271 1316 1321 1396 1414 1435 1475 1615 1772 1786 1824
23 42 198 306 363 435 715 732 742 794 825 900 988 1092 1168 1174 1224 1445 1615 1772 1824
25 36 42 50 59 112 198 258 263 363 365 435 456 513 546 563 588 604 658 690 722 732 742 794 818 924 988 1004 1092 1201 1308 1321 1396 1414 1455 1469 1475 1615 1767 1786 1824
32 36 287 289 1312
33 36 378 511 512 513 1149 1396 1786
47 511 512 513 1786
80 59 198 435 604 732 745 818 988 1092 1271 1396
177 42 50 56 96 190 198 278 306 322 363 433 435 563 596 604 665 666 732 742 794 900 929 988 1092 1168 1174 1201 1308 1321 1445 1469 1615 1772 1824 1923
189 36 50 190 198 306 322 433 435 541 662 665 666 732 794 900 988 994 1092 1158 1166 1168 1174 1201 1316 1321 1615 1772 1824
194 42 56 190 278 306 322 363 433 742 794 1174 1396 1445 1469 1615 1772 1824
197 98 306 399 596 666 946 1774 1923
264 96 245 306 732 1004 1068 1174 1271 1396 1615
279 10 36 59 96 190 278 306 322 433 546 588 604 732 745 794 818 929 1004 1174 1396 1615 1772
324 50 190 198 263 287 292 306 322 378 433 435 456 666 690 722 732 794 818 924 929 988 1004 1061 1092 1174 1201 1230 1321 1396 1475 1615 1772 1797
340 96 190 263 278 292 306 322 433 456 618 666 690 794 872 924 1061 1174 1396 1469 1609 1615 1772 1797
452 306 618 666 825 872 1174 1396 1609 1697
454 50 198 435 732 988 1092 1201 1321
469 42 363 378 742 1048 1396
492 36 96 258 306 405 715 722 794 1126 1174 1266 1396 1615 1772
496 662 994 1158 1316
511 36 96 258 306 405 715 722 794 1126 1174 1266 1396 1615 1772
512 50 56 190 198 306 322 378 433 435 541 596 662 665 666 722 732 794 900 929 988 994 1004 1092 1158 1166 1168 1174 1201 1316 1321 1396 1445 1475 1615 1772 1824
514 10 42 190 245 291 306 322 363 433 541 662 666 742 794 994 1158 1166 1174 1316 1615
536 45 258 511 512 513 1786 2647
579 15 36 96 98 198 289 306 435 666 732 946 988 1092 1126 1174 1751 1772 1774 1923
613 59 258 263 456 563 604 690 722 732 818 924 1201 1308
617 59 198 435 511 512 513 604 666 732 818 988 1092 1174 1271 1396 1469 1772 1786
630 546 588 722 1004 1224 1396
645 794 1396 1615
656 190 198 322 433 435 563 604 732 745 794 988 1092 1201 1308 1360 1615
666 42 50 112 198 263 363 435 456 690 732 742 794 924 988 1092 1201 1321 1615
679 42 50 59 96 98 198 306 363 382 435 732 742 794 946 988 1092 1174 1201 1321 1396 1435 1615 1772 1774
718 10 36 174 198 258 289 306 435 513 546 588 618 658 666 732 802 825 872 975 988 1004 1092 1174 1201 1224 1396 1414 1462 1609 1697 1772 1786 1836
737 190 198 322 433 435 563 732 745 794 988 1092 1308 1360 1615
738 306 546 588 722 825 1004 1174 1224 1396 1615
762 59 174 198 258 378 405 413 435 511 512 513 563 604 658 722 732 794 818 988 1092 1201 1266 1271 1308 1414 1445 1455 1786 1824
763 378 722
791 42 153 185 190 258 283 322 363 433 511 512 513 742 818 1068 1271 1414 1478 1525 1615 1724 1786
795 59 405 604 662 732 745 818 994 1158 1266 1316 1455 1824
797 10 794 1615
798 174 198 292 435 476 720 732 745 988 1061 1092 1201 1224 1230 1615 1797
799 36 45 258 289 365 496 722 794 924 1455 1469 1603 1767 2647
831 42 96 190 258 292 306 322 363 433 596 666 722 742 794 929 1061 1174 1230 1396 1445 1615 1772 1797 1923
872 96 306 1174 1396 1615 1772
1000 378 722 1004 1396 1475
1011 56 59 96 278 292 306 378 476 546 588 604 666 720 732 818 825 929 1004 1061 1149 1174 1224 1230 1396 1445 1469 1475 1772 1797
1046 10 185 258 283 306 511 512 513 794 1004 1068 1271 1414 1478 1525 1786
1049 190 278 322 378 433 722 794 1004 1396 1469 1475 1615
1051 306
1227 42 96 190 287 292 306 322 363 433 596 666 742 794 818 929 1061 1174 1230 1396 1615 1772 1797 1923
1399 278 306 618 666 872 1469 1609 1772
1411 59 198 306 435 604 732 745 818 825 988 1092 1174 1224
1503 258 722 1455 1824
1801 10 36 50 59 96 198 258 306 382 435 596 722 732 794 988 1092 1126 1174 1201 1224 1321 1396 1435 1445 1615 1772 1841
