0 646 651 661 662 667 690 691 694 695 707 716 751 781 796 803 833 834 855 921 922
1 764
2 764
3 646 651 661 662 667 690 691 694 695 707 716 751 781 796 803 833 834 855 921 922
4 764
5 641 648 661 678 701 707 739 742 743 764 782 801 839 847 878 891 908 931 939
6 641 646 648 651 661 662 667 678 690 691 694 695 701 707 716 739 742 743 751 781 782 796 801 803 833 834 839 847 855 878 891 908 921 922 931 939
7 630 641 648 661 662 664 676 678 695 701 707 730 739 742 743 759 771 774 781 782 797 801 809 822 824 826 834 839 847 855 858 878 882 891 894 905 908 917 931 939
8 641 648 661 678 701 707 739 742 743 764 782 801 839 847 878 891 908 931 939
9 764
10 630 637 646 651 661 662 691 695 707 730 752 759 764 774 797 822 826 855 869 905 909 921 930
11 764
12 764
13 764
14 646 651 661 662 667 690 691 694 695 707 716 751 781 796 803 833 834 855 921 922
15 646 651 656 661 662 667 676 678 690 691 694 695 707 716 722 735 751 752 755 771 781 782 803 809 813 824 833 834 855 858 871 883 886 909 921 922 928
16 764
17 627 629 632 633 646 651 652 654 661 667 672 676 677 678 690 691 695 696 701 702 707 708 715 716 737 738 743 751 752 764 781 782 796 799 803 808 809 822 832 839 848 849 855 863 866 867 868 873 882 886 893 896 904 905 914 932
18 764
19 646 651 661 662 667 690 691 694 695 707 716 751 781 796 803 833 834 855 921 922
20 641 648 661 662 664 676 678 695 701 707 739 742 743 771 781 782 801 809 824 834 839 847 855 858 878 882 891 894 908 917 931 939
21 764 796
22 646 651 661 662 667 690 691 694 695 707 716 751 781 796 803 833 834 855 921 922
23 630 661 662 707 730 759 774 797 822 826 855 905
24 764
25 641 648 661 678 701 707 739 742 743 764 782 801 839 847 878 891 908 931 939
26 764
27 646 651 661 662 667 674 690 691 695 707 712 716 737 748 751 764 768 772 773 781 784 796 799 803 810 811 822 823 825 834 841 843 855 863 885 905 921 923
28 646 651 661 662 667 690 691 694 695 707 716 751 781 796 803 833 834 855 921 922
29 641 648 661 662 664 676 678 695 701 707 739 742 743 764 771 781 782 801 809 824 834 839 847 855 858 878 882 891 894 908 917 931 939
30 646 651 661 662 667 690 691 694 695 707 716 751 764 781 796 803 833 834 855 921 922
31 629 644 646 651 661 667 674 697 716 744 747 759 780 799 803 852 874 886 905 940
32 646 651 661 662 667 690 691 694 695 707 716 751 781 796 803 833 834 855 921 922
33 764
34 630 631 637 638 649 658 659 661 662 663 675 681 685 698 704 707 717 723 730 753 756 759 774 776 797 822 825 826 855 898 905 912 914 921
35 764
36 764
37 764
38 764
39 630 641 648 661 662 678 701 707 730 739 742 743 759 774 782 797 801 822 826 839 847 855 878 891 905 908 931 939
40 629 630 633 641 648 651 661 662 664 667 676 678 695 701 702 707 716 730 737 739 742 743 751 759 764 771 774 781 782 796 797 799 801 803 809 822 824 826 834 839 847 855 858 863 878 882 886 891 894 896 905 908 917 931 939
41 764
42 764
43 646 651 661 662 667 690 691 694 695 707 716 751 764 781 796 803 833 834 855 921 922
44 764
45 764
46 764
47 764
48 646 651 661 662 667 690 691 694 695 707 716 751 781 796 803 833 834 855 921 922
49 764
50 630 641 648 661 662 678 701 707 730 739 742 743 759 774 782 797 801 822 826 839 847 855 878 891 905 908 931 939
51 627 629 632 633 646 651 652 654 661 662 667 672 676 677 678 690 691 694 695 696 701 702 707 708 715 716 737 738 743 751 752 781 782 796 799 803 808 809 822 832 833 834 839 848 849 855 863 866 867 868 873 882 886 893 896 904 905 914 921 922 932
52 764
53 630 641 648 661 662 678 701 707 730 739 742 743 759 774 782 797 801 822 826 839 847 855 878 891 905 908 931 939
54 764
55 764
56 623 626 628 629 630 633 635 637 641 642 646 648 651 661 662 665 667 673 676 678 680 683 685 689 690 691 693 694 695 701 702 703 707 709 714 716 725 730 731 737 739 742 743 745 749 751 759 764 768 770 773 774 781 782 783 785 790 792 796 797 799 801 803 809 811 812 815 822 823 825 826 833 834 835 839 842 847 854 855 861 863 876 878 879 880 884 886 887 888 891 896 905 906 907 908 915 918 921 922 926 929 931 939
57 646 651 661 662 667 690 691 694 695 707 716 751 781 796 803 833 834 855 921 922
58 626 646 651 661 662 665 667 673 676 678 690 691 694 695 703 707 716 731 735 745 749 751 764 771 781 782 803 809 824 833 834 835 842 855 858 871 883 887 907 918 921 922 926 928
59 646 651 661 662 667 690 691 694 695 707 716 751 781 796 803 833 834 855 921 922
60 764
61 646 651 661 662 667 690 691 694 695 707 716 751 781 796 803 833 834 855 921 922
62 646 651 661 662 667 690 691 694 695 707 716 751 781 796 803 833 834 855 921 922
63 764
64 764
65 764
66 629 644 646 651 661 667 674 697 716 744 747 759 780 799 803 852 874 886 905 921 940
67 646 651 661 662 667 690 691 694 695 707 716 751 781 796 803 833 834 855 921 922
68 764
69 764
70 646 651 661 662 667 690 691 694 695 707 716 751 781 796 803 833 834 855 921 922
71 646 651 661 662 667 690 691 694 695 707 716 751 781 796 803 833 834 855 921 922
72 627 629 632 633 646 651 652 654 661 667 672 676 677 678 690 691 695 696 701 702 707 708 715 716 737 738 743 751 752 781 782 796 799 803 808 809 822 832 839 848 849 855 863 866 867 868 873 882 886 893 896 904 905 914 932
73 764
74 764
75 630 641 648 661 662 664 676 678 695 701 707 730 739 742 743 759 764 771 774 781 782 797 801 809 822 824 826 834 839 847 855 858 878 882 891 894 905 908 917 931 939
76 764
77 646 651 661 662 667 690 691 694 695 707 716 751 781 796 803 833 834 855 921 922
78 646 651 661 662 667 690 691 694 695 707 716 751 781 796 803 833 834 855 921 922
79 646 651 661 662 667 690 691 694 695 707 716 751 781 796 803 833 834 855 921 922
80 646 651 661 662 667 690 691 694 695 707 716 751 764 781 796 803 833 834 855 921 922
81 630 641 648 661 662 678 701 707 730 739 742 743 759 774 782 797 801 822 826 839 847 855 878 891 905 908 931 939
82 764
83 630 631 638 649 658 659 661 662 675 698 707 717 723 730 753 756 759 774 776 797 822 826 855 905 912
84 646 651 661 662 667 690 691 694 695 707 716 751 764 781 796 803 833 834 855 921 922
85 646 651 661 662 667 690 691 694 695 707 716 751 781 796 803 833 834 855 921 922
86 630 661 662 707 730 759 764 774 797 822 826 855 905
87 629 633 641 646 648 651 653 661 662 664 667 668 674 676 678 690 691 692 695 701 702 706 707 710 716 737 739 742 743 751 764 768 771 773 781 782 784 796 799 801 803 809 817 822 823 824 828 833 834 839 847 854 855 858 863 866 878 882 886 891 894 904 905 908 909 911 917 921 924 931 932 935 939
88 646 651 661 662 667 690 691 694 695 707 716 751 781 796 803 833 834 855 921 922
89 764
90 764
91 764
92 630 631 637 638 649 658 659 661 662 663 675 681 685 698 704 707 717 723 730 753 756 759 774 776 797 822 825 826 855 898 905 912 914 921
93 630 641 648 661 662 678 701 707 730 739 742 743 759 774 782 797 801 822 826 839 847 855 878 891 905 908 931 939
94 646 651 661 662 667 669 674 690 691 694 695 707 716 751 763 764 781 785 796 803 809 822 825 829 833 834 840 849 855 905 921 922
95 764
96 764
97 646 651 661 662 667 690 691 694 695 707 716 751 781 796 803 833 834 855 921 922
98 646 651 661 662 667 690 691 694 695 707 716 751 781 796 803 833 834 855 921 922
99 646 651 661 662 667 690 691 694 695 707 716 751 781 796 803 833 834 855 921 922
100 711 921
101 764
102 764 796
103 764
104 646 651 661 662 667 674 690 691 695 707 712 716 737 748 751 764 768 772 773 781 784 796 799 803 810 811 822 823 825 834 841 843 855 863 885 905 921 923
105 764
106 764
107 630 646 651 661 662 667 690 691 694 695 707 716 730 751 759 774 781 796 797 803 822 826 833 834 855 905 921 922
108 646 651 661 662 667 690 691 694 695 707 716 751 781 796 803 833 834 855 921 922
109 630 641 648 661 662 678 701 707 730 739 742 743 759 774 782 797 801 822 826 839 847 855 878 891 905 908 931 939
110 764
111 632 641 646 648 651 652 654 661 662 667 672 676 677 678 680 685 690 691 694 695 696 701 707 708 716 735 737 738 739 742 743 751 764 771 781 782 783 796 797 801 803 809 811 812 824 825 833 834 839 847 855 858 871 878 882 883 891 905 908 921 922 928 929 931 939
112 630 646 651 661 662 667 690 691 694 695 707 716 730 751 759 774 781 797 803 822 826 833 834 855 905 921 922
113 646 651 661 662 667 690 691 694 695 707 716 751 781 796 803 833 834 855 921 922
114 646 651 661 662 667 690 691 694 695 707 716 751 764 781 796 803 833 834 855 921 922
115 646 651 661 662 667 690 691 694 695 707 716 751 781 796 803 833 834 855 921 922
116 764
117 637 651 661 667 690 695 768 773 781 799 822 823 833 834 855 905 921 929
118 764
119 630 641 648 661 662 664 676 678 695 701 707 730 739 742 743 759 771 774 781 782 797 801 809 822 824 826 834 839 847 855 858 878 882 891 894 905 908 917 931 939
120 629 631 632 633 638 646 649 651 652 654 658 659 661 667 672 675 676 677 678 690 691 695 696 698 701 702 708 716 717 723 737 738 743 751 753 756 776 781 796 799 803 809 822 839 855 863 866 882 886 896 904 905 912 932
121 629 644 646 651 661 667 674 697 716 744 747 759 780 799 803 852 874 886 905 940
122 764
123 764
124 629 644 646 651 661 667 674 697 716 744 747 759 780 799 803 852 874 886 905 940
125 630 641 646 648 651 661 662 667 678 690 691 694 695 701 707 716 730 739 742 743 751 759 764 774 781 782 796 797 801 803 822 826 833 834 839 847 855 878 891 905 908 921 922 931 939
126 629 633 641 648 651 661 667 676 678 701 702 707 716 737 739 742 743 751 764 782 796 799 801 803 809 839 847 863 878 886 891 896 905 908 931 939
127 646 651 661 667 674 676 678 691 695 751 781 796 809 834 855 863 882 886
128 764
129 646 651 661 662 667 690 691 694 695 707 716 751 781 796 803 833 834 855 921 922
130 646 651 661 662 667 690 691 694 695 707 716 751 781 796 803 833 834 855 921 922
131 630 641 648 661 662 678 701 707 730 739 742 743 759 774 782 797 801 822 826 839 847 855 878 891 905 908 931 939
132 630 641 648 661 662 664 676 678 695 701 707 730 739 742 743 759 764 771 774 781 782 797 801 809 822 824 826 834 839 847 855 858 878 882 891 894 905 908 917 931 939
133 629 633 651 661 667 676 678 702 716 737 751 796 799 803 809 863 886 896 905
134 646 651 661 662 667 690 691 694 695 707 716 751 781 796 803 833 834 855 921 922
135 624 627 629 630 631 632 633 636 637 638 646 649 650 651 652 654 655 658 659 660 661 662 667 672 675 676 677 678 680 688 690 691 692 694 695 696 698 700 701 702 706 707 708 715 716 717 719 723 726 729 730 733 736 737 738 743 748 751 752 753 754 756 759 761 770 771 773 774 776 777 781 782 785 794 796 797 799 803 804 808 809 811 817 822 824 825 826 832 833 834 837 838 839 842 848 849 854 855 862 863 866 867 868 872 873 875 877 882 886 893 894 896 904 905 906 909 911 912 914 921 922 932 934 935
136 764
137 646 651 661 662 667 690 691 694 695 707 716 751 781 796 803 833 834 855 921 922
138 629 644 646 651 661 667 674 697 716 744 747 759 780 799 803 852 874 886 905 940
139 764
140 633 637 646 647 649 651 657 658 659 661 662 663 666 667 676 678 682 685 686 690 691 695 696 704 705 707 710 716 721 735 737 746 747 751 752 756 757 760 762 765 771 776 778 779 781 782 783 786 788 796 798 799 803 807 809 816 818 819 824 831 833 834 836 845 850 855 857 858 863 865 869 882 886 890 899 901 902 903 905 909 912 919 921 932 933 936 938
141 627 629 632 633 646 651 652 654 661 667 672 676 677 678 690 691 695 696 701 702 707 708 715 716 737 738 743 751 752 781 782 796 799 803 808 809 822 832 839 848 849 855 863 866 867 868 873 882 886 893 896 904 905 914 932
142 625 629 633 646 651 661 662 667 674 676 679 690 691 695 707 716 730 751 759 764 774 781 796 799 803 805 809 814 826 855 860 863 866 881 882 886 887 904 905 932
143 646 651 661 662 667 690 691 694 695 707 716 751 764 781 796 803 833 834 855 921 922
144 627 629 632 633 646 651 652 654 661 662 667 672 676 677 678 690 691 694 695 696 701 702 707 708 715 716 737 738 743 751 752 781 782 796 799 803 808 809 822 832 833 834 839 848 849 855 863 866 867 868 873 882 886 893 896 904 905 914 921 922 932
145 630 633 641 648 651 653 661 662 667 674 676 678 680 684 695 701 707 716 730 739 742 743 759 774 781 782 797 801 803 809 822 826 839 847 855 878 882 891 905 908 917 921 931 939
146 630 641 646 648 651 661 662 664 667 676 678 690 691 694 695 701 707 716 730 739 742 743 751 759 764 771 774 781 782 796 797 801 803 809 822 824 826 833 834 839 847 855 858 878 882 891 894 905 908 917 921 922 931 939
147 629 644 646 651 661 667 674 685 697 716 744 747 759 780 799 803 852 874 886 905 940
148 764
149 764
150 829
151 764
152 764
153 646 651 661 662 667 690 691 694 695 707 716 751 781 796 803 833 834 855 921 922
154 629 644 646 651 661 667 674 697 716 744 747 759 780 799 803 852 874 886 905 940
155 921
156 630 641 646 648 651 661 662 664 667 676 678 690 691 694 695 701 707 716 730 739 742 743 751 759 771 774 781 782 797 801 803 809 822 824 826 833 834 839 847 855 858 878 882 891 894 905 908 917 921 922 931 939
157 631 633 638 645 646 649 658 659 661 667 675 690 691 698 715 716 717 723 727 751 753 756 764 776 799 803 822 855 863 904 912 932
158 764
159 764
160 646 651 661 662 667 690 691 694 695 707 716 751 781 803 833 834 855 921 922
161 630 641 646 648 651 661 662 667 678 690 691 694 695 701 707 716 730 739 742 743 751 759 774 781 782 796 797 801 803 822 826 833 834 839 847 855 878 891 905 908 921 922 931 939
162 764
163 646 651 661 662 667 690 691 694 695 707 716 751 781 796 803 833 834 855 921 922
164 627 629 632 633 646 651 652 654 661 667 672 676 677 678 690 691 695 696 701 702 707 708 715 716 737 738 743 751 752 781 782 796 799 803 808 809 822 832 839 848 849 855 863 866 867 868 873 882 886 893 896 904 905 914 932
165 764
166 646 651 661 662 667 690 691 694 695 707 716 751 781 796 803 833 834 855 921 922
167 630 641 648 661 662 664 676 678 695 701 707 730 739 742 743 759 771 774 781 782 797 801 809 822 824 826 834 839 847 855 858 878 882 891 894 905 908 917 931 939
168 629 644 646 651 661 667 674 697 716 744 747 759 780 799 803 852 874 886 905 940
169 764
170 646 651 661 662 667 690 691 694 695 707 716 751 781 796 803 833 834 855 921 922
171 630 641 648 661 662 678 701 707 730 739 742 743 759 764 774 782 797 801 822 826 839 847 855 878 891 905 908 931 939
172 630 637 661 662 663 681 685 704 707 730 759 764 774 797 822 825 826 855 898 905 914 921
173 630 641 648 661 662 678 701 707 730 739 742 743 759 774 782 797 801 822 826 839 847 855 878 891 905 908 931 939
174 764
175 631 633 638 641 646 648 649 651 658 659 661 662 664 667 674 676 678 690 691 692 695 701 706 707 716 723 737 739 742 743 751 753 756 764 768 771 773 776 781 782 784 799 801 803 809 817 822 824 828 833 834 839 847 854 855 858 863 866 878 882 891 894 904 905 908 909 911 912 917 921 924 931 932 935 939
176 764
177 646 651 661 662 667 690 691 694 695 707 716 751 781 796 803 833 834 855 921 922
178 646 651 661 662 667 690 691 694 695 707 716 751 781 796 803 833 834 855 921 922
179 627 629 632 633 646 651 652 654 661 667 672 676 677 678 690 691 695 696 701 702 707 708 715 716 737 738 743 751 752 781 782 796 799 803 808 809 822 832 839 848 849 855 863 866 867 868 873 882 886 893 896 904 905 914 932
180 764
181 764
182 633 646 651 667 676 691 695 720 751 781 803 809 823 843 851 882 905
183 764
184 630 641 648 661 662 678 701 707 730 739 742 743 759 774 782 797 801 822 826 839 847 855 878 891 905 908 931 939
185 764
186 630 641 648 661 662 678 701 707 730 739 742 743 759 774 782 797 801 822 826 839 847 855 878 891 905 908 931 939
187 764
188 764
189 627 629 632 633 646 651 652 654 661 667 672 676 677 678 690 691 695 696 701 702 707 708 715 716 737 738 743 751 752 781 782 796 799 803 808 809 822 832 839 848 849 855 863 866 867 868 873 882 886 893 896 904 905 914 932
190 764
191 627 629 632 633 646 651 652 654 661 667 672 676 677 678 690 691 695 696 701 702 707 708 715 716 737 738 743 751 752 781 782 796 799 803 808 809 822 832 839 848 849 855 863 866 867 868 873 882 886 893 896 904 905 914 932
192 646 651 661 662 667 674 690 691 695 707 712 716 737 748 751 764 768 772 773 781 784 796 799 803 810 811 822 823 825 834 841 843 855 863 885 905 921 923
193 764
194 646 651 661 662 667 690 691 694 695 707 716 751 781 796 803 833 834 855 921 922
195 764
196 646 651 667 674 679 690 691 716 751 759 764 781 799 809 855 881 887 932
197 764
198 764
199 764
200 825 921
201 764
202 629 631 632 633 638 646 649 651 652 654 658 659 661 667 672 675 676 677 678 690 691 695 696 698 701 702 708 716 717 723 737 738 743 751 753 756 776 781 796 799 803 809 822 839 855 863 866 882 886 896 904 905 912 932
203 764
204 764
205 764
206 646 651 661 662 667 690 691 694 695 707 716 751 781 796 803 833 834 855 921 922
207 764
208 764
209 646 651 661 662 667 690 691 694 695 707 716 751 781 796 803 833 834 855 921 922
210 764
211 764
212 630 641 648 661 662 664 676 678 695 701 707 730 739 742 743 759 771 774 781 782 797 801 809 822 824 826 834 839 847 855 858 878 882 891 894 905 908 917 931 939
213 641 648 661 678 701 707 739 742 743 782 801 839 847 878 891 908 931 939
214 651 674 691 695 705 749 781 827 834 855 882 920
215 646 651 661 662 667 690 691 694 695 707 716 751 781 796 803 833 834 855 921 922
216 629 631 632 633 638 646 649 651 652 654 658 659 661 667 672 675 676 677 678 690 691 695 696 698 701 702 708 716 717 723 737 738 743 751 753 756 776 781 796 799 803 809 822 839 855 863 866 882 886 896 904 905 912 932
217 646 651 661 662 667 690 691 694 695 707 716 751 781 796 803 833 834 855 921 922
218 646 651 661 662 667 690 691 694 695 707 716 751 781 796 803 833 834 855 921 922
219 646 651 661 662 667 690 691 694 695 707 716 751 781 796 803 833 834 855 921 922
220 629 633 651 667 674 676 691 695 716 730 751 781 799 802 803 809 855 863 882 886 904 913 921 932
221 646 651 661 662 667 690 691 694 695 707 716 751 781 796 803 833 834 855 921 922
222 629 644 646 651 661 667 674 697 716 744 747 759 780 799 803 852 874 886 905 940
223 764
224 630 631 637 638 649 658 659 661 662 663 675 681 685 698 704 707 717 723 730 753 756 759 774 776 797 822 825 826 855 898 905 912 914 921
225 646 651 661 662 667 690 691 694 695 707 716 751 781 796 803 833 834 855 921 922
226 629 633 651 661 667 676 678 702 716 737 751 796 799 803 809 863 886 896 905
227 764
228 764
229 630 631 637 638 646 649 651 656 658 659 661 662 667 674 676 678 685 690 691 694 695 707 716 722 723 732 735 737 751 752 753 755 756 766 771 776 781 782 796 797 803 809 813 822 823 824 825 833 834 843 844 846 855 858 871 883 886 905 909 912 921 922 928 937
230 627 629 632 633 646 651 652 654 661 667 672 676 677 678 690 691 695 696 701 702 707 708 715 716 737 738 743 751 752 781 782 796 799 803 808 809 822 832 839 848 849 855 863 866 867 868 873 882 886 893 896 904 905 914 932
231 646 651 661 662 667 690 691 694 695 707 716 751 781 796 803 833 834 855 921 922
232 711
233 629 644 646 651 661 667 674 697 716 744 747 759 780 799 803 852 874 886 905 940
234 764
235 627 629 632 633 646 651 652 654 661 667 669 672 674 676 677 678 690 691 692 695 696 701 702 706 707 708 715 716 737 738 743 751 752 763 781 782 785 796 799 803 808 809 817 822 825 829 832 839 840 848 849 854 855 863 866 867 868 873 882 886 893 896 904 905 909 911 914 921 932 935
236 764
237 624 637 661 680 700 733 737 752 761 794 832 833 855 875 877 894 905 914 921
238 626 641 648 661 662 665 673 678 701 703 707 731 739 742 743 745 749 764 782 801 835 839 842 847 878 887 891 907 908 918 926 931 939
239 646 651 661 662 667 690 691 694 695 707 716 751 764 781 796 803 833 834 855 921 922
240 764
241 630 631 637 638 649 658 659 661 662 663 675 681 685 698 704 707 717 723 730 753 756 759 774 776 797 822 825 826 855 898 905 912 914 921
242 646 651 661 662 667 690 691 694 695 707 716 751 764 781 803 829 833 834 855 921 922
243 630 641 648 661 662 678 701 707 730 739 742 743 759 774 782 797 801 822 826 839 847 855 878 891 905 908 931 939
244 764
245 629 633 646 651 661 662 667 671 676 690 691 694 695 705 707 716 751 781 799 803 809 814 833 834 855 863 886 921 922 932
246 627 629 632 633 646 651 652 654 661 667 672 676 677 678 690 691 695 696 701 702 707 708 715 716 737 738 743 751 752 781 782 796 799 803 808 809 822 832 839 848 849 855 863 866 867 868 873 882 886 893 896 904 905 914 932
247 764
248 646 651 661 662 667 690 691 694 695 707 716 751 781 796 803 833 834 855 921 922
249 764
250 641 648 661 662 664 676 678 695 701 707 739 742 743 771 781 782 801 809 824 834 839 847 855 858 878 882 891 894 908 917 931 939
251 764
252 630 641 648 661 662 678 701 707 730 739 742 743 759 764 774 782 797 801 822 826 839 847 855 878 891 905 908 931 939
253 764
254 631 638 649 651 658 659 661 669 674 678 692 706 723 753 756 763 764 776 785 809 817 822 825 829 840 849 854 855 905 909 911 912 921 935
255 646 651 661 662 667 690 691 694 695 707 716 751 781 803 833 834 855 921 922
256 627 629 632 633 646 651 652 654 661 662 667 672 676 677 678 690 691 694 695 696 701 702 707 708 715 716 737 738 743 751 752 781 782 796 799 803 808 809 822 832 833 834 839 848 849 855 863 866 867 868 873 882 886 893 896 904 905 914 921 922 932
257 764
258 764
259 646 651 661 662 667 690 691 694 695 707 716 751 781 796 803 833 834 855 921 922
260 764
261 764
262 661 678 685 737 764 768 791 793 833 856 885 892 905 910 914
263 646 651 661 662 667 690 691 694 695 707 716 751 781 796 803 833 834 855 921 922
264 646 651 661 662 667 690 691 694 695 707 716 751 781 796 803 833 834 855 921 922
265 627 629 632 633 646 651 652 654 661 667 672 676 677 678 690 691 695 696 701 702 707 708 715 716 737 738 743 751 752 781 782 796 799 803 808 809 822 832 839 848 849 855 863 866 867 868 873 882 886 893 896 904 905 914 932
266 764
267 764
268 646 651 661 662 667 690 691 694 695 707 716 751 781 796 803 833 834 855 921 922
269 630 641 648 661 662 678 701 707 730 739 742 743 759 774 782 797 801 822 826 839 847 855 878 891 905 908 931 939
270 764
271 646 651 661 662 667 690 691 694 695 707 716 751 781 796 803 833 834 855 921 922
272 627 629 632 633 646 651 652 654 661 667 672 676 677 678 690 691 695 696 701 702 707 708 715 716 737 738 743 751 752 781 782 796 799 803 808 809 822 832 839 848 849 855 863 866 867 868 873 882 886 893 896 904 905 914 932
273 764
274 764
275 764
276 921
277 764
278 646 651 661 662 667 690 691 694 695 707 716 751 781 796 803 833 834 855 921 922
279 629 631 632 633 638 646 649 651 652 654 658 659 661 667 672 675 676 677 678 690 691 695 696 698 701 702 708 716 717 723 737 738 743 751 753 756 776 781 796 799 803 809 822 839 855 863 866 882 886 896 904 905 912 932
280 796
281 764
282 764
283 764
284 646 651 661 662 667 690 691 694 695 707 716 751 781 796 803 833 834 855 921 922
285 629 644 646 651 661 667 674 697 716 744 747 759 780 799 803 852 874 886 905 940
286 641 648 661 662 664 676 678 695 701 707 739 742 743 771 781 782 801 809 824 834 839 847 855 858 878 882 891 894 908 917 931 939
287 764
288 661 678 692 706 817 822 854 855 909 911 935
289 630 661 662 707 730 759 774 797 822 826 855 905
290 764
291 764
292 764
293 764
294 626 641 646 648 651 661 662 664 665 667 673 676 678 690 691 694 695 701 703 707 716 731 739 742 743 745 749 751 764 771 781 782 801 803 809 824 833 834 835 839 842 847 855 858 878 882 887 891 894 907 908 917 918 921 922 926 931 939
295 764
296 627 629 632 633 646 651 652 654 661 662 667 672 676 677 678 690 691 694 695 696 701 702 707 708 715 716 737 738 743 751 752 781 782 796 799 803 808 809 822 832 833 834 839 848 849 855 863 866 867 868 873 882 886 893 896 904 905 914 921 922 932
297 646 651 661 662 667 690 691 694 695 707 716 751 781 803 833 834 855 921 922
298 633 646 651 661 662 667 674 679 690 691 694 695 707 716 734 737 751 758 759 773 774 781 787 796 799 803 809 814 821 833 834 855 863 866 881 887 889 921 922 932
299 764
300 646 651 661 662 667 690 691 694 695 707 716 751 781 796 803 833 834 855 921 922
301 764
302 764
303 646 651 661 662 667 690 691 694 695 707 716 751 781 796 803 833 834 855 921 922
304 646 651 661 662 667 690 691 694 695 707 716 751 781 796 803 833 834 855 921 922
305 764
306 764
307 630 641 648 661 662 678 701 707 730 739 742 743 759 774 782 797 801 822 826 839 847 855 878 891 905 908 931 939
308 764
309 630 631 637 638 649 658 659 661 662 663 675 681 685 698 704 707 717 723 730 753 756 759 774 776 797 822 825 826 855 898 905 912 914 921
310 627 629 632 633 646 651 652 654 661 667 672 676 677 678 690 691 695 696 701 702 707 708 715 716 737 738 743 751 752 781 782 796 799 803 808 809 822 832 839 848 849 855 863 866 867 868 873 882 886 893 896 904 905 914 932
311 646 651 661 662 667 690 691 694 695 707 716 751 781 796 803 833 834 855 921 922
312 629 631 633 638 649 651 658 659 661 667 669 674 676 678 691 692 695 702 705 706 716 723 737 749 751 753 756 763 776 781 785 796 799 803 809 817 822 825 827 829 834 840 849 854 855 863 882 886 896 905 909 911 912 920 921 935
313 627 629 632 633 646 651 652 654 661 667 672 676 677 678 690 691 695 696 701 702 707 708 715 716 737 738 743 751 752 781 782 796 799 803 808 809 822 832 839 848 849 855 863 866 867 868 873 882 886 893 896 904 905 914 932
314 764
315 764
316 629 630 641 644 646 648 651 656 661 662 667 674 676 678 687 690 691 694 695 697 701 707 716 722 730 735 739 742 743 744 747 751 752 755 759 771 774 780 781 782 796 797 799 801 803 809 813 822 824 826 833 834 839 847 852 855 858 863 871 874 878 883 886 891 905 908 909 921 922 928 931 939 940
317 646 651 661 662 667 690 691 694 695 707 716 751 764 781 796 803 833 834 855 921 922
318 627 629 632 633 646 651 652 654 661 667 672 676 677 678 690 691 695 696 701 702 707 708 715 716 737 738 743 751 752 781 782 796 799 803 808 809 822 832 839 848 849 855 863 866 867 868 873 882 886 893 896 904 905 914 932
319 764
320 646 651 661 662 667 690 691 694 695 707 716 751 781 796 803 833 834 855 921 922
321 629 644 646 651 661 667 674 697 716 744 747 759 780 799 803 852 874 886 905 940
322 661
323 646 651 667 674 679 690 691 716 751 759 764 781 799 809 855 881 887 932
324 764
325 764
326 764
327 764
328 641 648 661 678 701 707 739 742 743 764 782 801 839 847 878 891 908 931 939
329 641 648 661 678 701 707 739 742 743 782 801 839 847 878 891 908 931 939
330 627 629 632 633 646 651 652 654 661 667 672 676 677 678 690 691 695 696 701 702 707 708 715 716 737 738 743 751 752 781 782 796 799 803 808 809 822 832 839 848 849 855 863 866 867 868 873 882 886 893 896 904 905 914 932
331 630 641 646 648 651 661 662 667 678 690 691 694 695 701 707 716 730 739 742 743 751 759 774 781 782 796 797 800 801 803 822 826 833 834 839 847 855 878 891 905 908 921 922 931 939
332 764
333 630 641 648 661 662 678 701 707 730 739 742 743 759 764 774 782 797 801 822 826 839 847 855 878 891 905 908 931 939
334 764
335 764
336 623 637 642 646 651 656 661 662 663 667 678 680 685 689 690 691 693 694 695 704 707 709 712 714 716 718 737 741 751 781 783 789 792 796 797 803 811 812 813 820 825 833 834 837 853 855 861 862 864 879 888 897 905 907 914 916 921 922 927 929
337 646 651 661 662 667 690 691 694 695 707 716 751 781 796 803 833 834 855 921 922
338 764
339 764
340 637 661 663 681 685 704 822 825 898 914 921
341 764
342 764
343 764
344 629 630 637 641 646 648 651 661 662 667 676 678 690 691 694 695 701 707 716 730 739 742 743 751 752 759 764 774 781 782 796 797 801 803 809 822 826 833 834 839 847 855 869 878 886 891 905 908 909 921 922 925 930 931 932 939
345 646 651 661 662 667 690 691 694 695 707 716 751 781 796 803 833 834 855 921 922
346 764
347 630 633 641 646 648 651 661 662 667 678 690 691 694 695 701 707 716 730 739 742 743 751 759 764 774 781 782 796 797 799 801 803 822 826 833 834 839 847 855 863 866 878 891 904 905 908 921 922 931 932 939
348 646 651 661 662 667 690 691 694 695 707 716 751 781 796 803 833 834 855 921 922
349 646 651 661 662 667 690 691 694 695 707 716 751 764 781 796 803 833 834 855 921 922
350 641 648 661 662 664 676 678 695 701 707 739 742 743 771 781 782 801 809 824 834 839 847 855 858 878 882 891 894 908 917 931 939
351 646 651 661 662 667 690 691 694 695 707 716 751 781 796 803 833 834 855 921 922
352 764
353 629 644 646 651 661 667 674 697 716 744 747 759 780 799 803 852 874 886 905 940
354 646 651 661 662 667 690 691 694 695 707 716 751 781 796 803 833 834 855 921 922
355 764
356 646 651 661 662 667 690 691 694 695 707 716 751 781 796 803 833 834 855 921 922
357 764
358 646 651 661 662 667 690 691 694 695 707 716 751 764 781 796 803 833 834 855 921 922
359 646 651 661 662 667 690 691 694 695 707 716 751 781 796 803 833 834 855 921 922
360 764
361 764
362 764
363 646 651 661 662 667 690 691 694 695 707 716 751 781 796 803 833 834 855 921 922
364 641 646 648 651 661 662 667 678 690 691 694 695 701 707 716 739 742 743 751 781 782 796 801 803 833 834 839 847 855 878 891 908 921 922 931 939
365 764
366 646 651 661 662 667 690 691 694 695 707 716 751 781 796 803 833 834 855 921 922
367 764
368 646 651 661 662 667 690 691 694 695 707 716 751 781 796 803 833 834 855 921 922
369 829
370 646 651 661 662 667 690 691 694 695 707 716 751 781 796 803 833 834 855 921 922
371 646 651 661 662 667 690 691 694 695 707 716 751 781 796 803 833 834 855 921 922
372 627 629 632 633 646 651 652 654 661 667 672 676 677 678 690 691 695 696 701 702 707 708 715 716 737 738 743 751 752 781 782 796 799 803 808 809 822 832 839 848 849 855 863 866 867 868 873 882 886 893 896 904 905 914 932
373 630 637 651 661 662 674 685 707 737 796 797 822 823 825 833 834 844 905 921
374 628 629 633 635 641 646 648 651 653 661 662 664 667 668 674 676 678 683 685 690 691 692 695 701 702 704 706 707 710 716 725 737 739 742 743 751 764 768 771 773 781 782 784 790 796 797 798 799 801 803 809 811 815 817 822 823 824 825 828 833 834 839 847 854 855 858 863 866 876 878 880 882 884 885 886 891 894 896 904 905 908 909 910 911 915 917 921 924 929 931 932 935 939
375 764
376 630 641 648 661 662 678 701 707 730 739 742 743 759 764 774 782 797 801 822 826 839 847 855 878 891 905 908 931 939
377 629 631 633 638 646 649 651 658 659 661 667 674 676 678 685 690 691 692 695 702 704 706 716 723 737 751 753 756 764 768 773 776 781 784 796 797 798 799 803 809 811 817 822 825 828 833 854 855 863 866 882 885 886 896 904 905 909 910 911 912 921 924 929 932 935
378 764
379 764
380 646 651 661 662 667 690 691 694 695 707 716 751 781 796 803 833 834 855 921 922
381 764
382 646 651 661 662 667 690 691 694 695 707 716 751 764 781 796 803 833 834 855 921 922
383 646 651 661 662 667 690 691 694 695 707 716 751 781 796 803 833 834 855 921 922
384 646 651 661 662 667 690 691 694 695 707 716 751 781 796 803 833 834 855 921 922
385 764
386 764
387 764
388 630 641 648 661 662 664 676 678 695 701 707 730 739 742 743 759 771 774 781 782 797 801 809 822 824 826 834 839 847 855 858 878 882 891 894 905 908 917 931 939
389 764
390 764
391 630 633 641 646 648 651 661 662 667 678 690 691 694 695 701 707 716 730 739 742 743 751 759 774 781 782 796 797 799 801 803 822 826 833 834 839 847 855 863 866 878 891 904 905 908 921 922 931 932 939
392 646 651 667 674 679 690 691 716 751 759 764 781 799 809 855 881 887 932
393 646 651 661 662 667 690 691 694 695 707 716 751 781 803 833 834 855 921 922
394 646 651 661 662 667 690 691 694 695 707 716 751 781 796 803 833 834 855 921 922
395 646 651 661 662 667 690 691 694 695 707 716 751 781 803 833 834 855 921 922
396 627 629 632 633 646 651 652 654 661 667 672 676 677 678 690 691 695 696 701 702 707 708 715 716 737 738 743 751 752 781 782 796 799 803 808 809 822 832 839 848 849 855 863 866 867 868 873 882 886 893 896 904 905 914 932
397 764
398 627 629 630 632 633 641 646 648 651 652 654 661 662 667 672 676 677 678 690 691 695 696 701 702 707 708 715 716 730 737 738 739 742 743 751 752 759 774 781 782 796 797 799 801 803 808 809 822 826 832 839 847 848 849 855 863 866 867 868 873 878 882 886 891 893 896 904 905 908 914 931 932 939
399 630 641 648 661 662 664 676 678 695 701 707 730 739 742 743 759 764 771 774 781 782 797 801 809 822 824 826 834 839 847 855 858 878 882 891 894 905 908 917 931 939
400 641 648 661 662 664 676 678 695 701 707 739 742 743 771 781 782 801 809 824 834 839 847 855 858 878 882 891 894 908 917 931 939
401 641 648 661 678 701 707 739 742 743 764 782 801 839 847 878 891 908 931 939
402 764
403 646 651 661 662 667 690 691 694 695 707 716 751 781 796 803 833 834 855 921 922
404 764
405 630 641 648 661 662 678 701 707 730 739 742 743 759 774 782 797 801 822 826 839 847 855 878 891 905 908 931 939
406 764
407 764
408 646 651 661 662 667 690 691 694 695 707 716 751 781 796 803 833 834 855 921 922
409 764
410 633 646 651 661 662 667 690 691 694 695 707 716 751 781 796 799 803 822 833 834 855 863 866 904 905 921 922 932
411 646 651 661 662 667 674 676 690 691 695 707 716 732 751 766 772 781 782 796 799 803 809 822 834 841 843 846 855 863 921 923 937
412 764
413 764
414 764
415 646 651 661 662 667 690 691 694 695 707 716 751 781 796 803 833 834 855 921 922
416 764
417 627 629 632 633 646 651 652 654 661 667 672 676 677 678 690 691 695 696 701 702 707 708 715 716 737 738 743 751 752 781 782 796 799 803 808 809 822 832 839 848 849 855 863 866 867 868 873 882 886 893 896 904 905 914 932
418 764
419 637 661 663 681 685 704 822 825 898 914 921
420 646 651 661 662 667 690 691 694 695 707 716 751 781 796 803 833 834 855 921 922
421 629 644 646 651 661 667 674 697 716 744 747 759 780 799 803 852 874 886 905 940
422 764
423 764
424 764
425 641 646 648 651 661 662 667 678 690 691 694 695 701 707 716 739 742 743 751 781 782 796 801 803 833 834 839 847 855 878 891 908 921 922 931 939
426 764
427 627 629 632 633 646 651 652 654 661 667 672 676 677 678 690 691 695 696 701 702 707 708 715 716 737 738 743 751 752 781 782 796 799 803 808 809 822 832 839 848 849 855 863 866 867 868 873 882 886 893 896 904 905 914 932
428 764
429 764
430 646 651 661 662 667 690 691 694 695 707 716 751 781 796 803 833 834 855 921 922
431 646 651 661 662 667 690 691 694 695 707 716 751 764 781 796 803 833 834 855 921 922
432 764
433 629 644 646 651 661 667 674 697 716 744 747 759 780 799 803 852 874 886 905 940
434 630 661 662 707 730 759 764 774 797 822 826 855 905
435 646 651 661 662 667 690 691 694 695 707 716 751 781 796 803 833 834 855 921 922
436 764
437 921
438 764
439 646 651 661 662 667 690 691 694 695 707 716 751 764 781 796 803 833 834 855 921 922
440 630 641 648 661 662 678 701 707 730 739 742 743 759 774 782 797 801 822 826 839 847 855 878 891 905 908 931 939
441 764
442 630 646 651 661 662 667 690 691 694 695 707 716 730 751 759 774 781 796 797 803 822 826 833 834 855 905 921 922
443 764
444 633 641 646 648 651 661 662 664 667 674 676 678 685 690 691 692 695 701 704 706 707 716 737 739 742 743 751 764 768 771 773 781 782 784 797 798 799 801 803 809 811 817 822 824 825 828 833 834 839 847 854 855 858 863 866 878 882 885 891 894 904 905 908 909 910 911 917 921 924 929 931 932 935 939
445 764
446 764
447 646 651 661 662 667 690 691 694 695 707 716 751 781 796 803 833 834 855 921 922
448 764
449 646 651 661 662 667 690 691 694 695 707 716 751 781 796 803 833 834 855 921 922
450 646 651 661 662 667 690 691 694 695 707 716 751 764 781 796 803 833 834 855 921 922
451 764
452 764
453 646 651 661 662 667 690 691 694 695 707 716 751 781 796 803 833 834 855 921 922
454 633 646 651 661 662 666 667 670 674 676 691 695 705 707 720 735 746 749 751 781 796 803 809 823 824 827 830 833 834 843 851 855 882 905 920 921
455 764
456 629 644 646 651 661 667 674 697 716 744 747 759 780 799 803 852 874 886 905 940
457 764
458 646 651 661 662 667 690 691 694 695 707 716 751 781 796 803 833 834 855 921 922
459 629 631 633 638 644 646 649 651 658 659 661 667 674 690 691 695 697 716 723 744 747 751 753 756 759 764 776 780 799 803 822 829 852 855 863 866 874 886 904 905 912 932 940
460 825 829
461 764
462 631 633 638 646 649 651 658 659 661 667 675 690 691 695 698 716 717 723 751 753 756 776 799 803 822 855 863 866 904 905 912 932
463 641 648 661 678 701 707 739 742 743 764 782 801 839 847 878 891 908 931 939
464 764
465 641 648 661 678 701 707 739 742 743 764 782 801 839 847 878 891 908 931 939
466 764
467 641 646 648 651 661 662 667 678 690 691 694 695 701 707 716 739 742 743 751 781 782 801 803 833 834 839 847 855 878 891 908 921 922 931 939
468 764
469 629 633 651 661 667 676 678 702 716 737 751 764 796 799 803 809 863 886 896 905
470 646 651 661 662 667 690 691 694 695 707 716 751 781 796 803 833 834 855 921 922
471 646 651 661 662 667 690 691 694 695 707 716 751 781 796 803 833 834 855 921 922
472 764
473 630 641 648 661 662 678 701 707 730 739 742 743 759 764 774 782 797 801 822 826 839 847 855 878 891 905 908 931 939
474 641 648 661 662 664 676 678 695 701 707 739 742 743 771 781 782 801 809 824 834 839 847 855 858 878 882 891 894 908 917 931 939
475 764
476 641 648 661 662 664 676 678 695 701 707 739 742 743 764 771 781 782 801 809 824 834 839 847 855 858 878 882 891 894 908 917 931 939
477 629 633 634 639 643 644 661 662 664 667 676 707 712 713 716 728 737 740 747 748 750 751 764 767 768 773 775 784 796 799 803 806 809 810 811 813 823 824 825 834 843 859 863 885 886 900 905 916 921 927 932
478 630 641 648 661 662 678 701 707 730 739 742 743 759 764 774 782 797 801 822 826 839 847 855 878 891 905 908 931 939
479 764
480 630 661 662 707 730 759 764 774 797 822 826 855 905
481 626 631 633 638 645 646 649 651 658 659 661 662 665 667 673 675 690 691 694 695 698 703 707 715 716 717 723 727 731 745 749 751 753 756 764 776 781 796 799 803 822 833 834 835 842 855 863 887 904 907 912 918 921 922 926 932
482 629 633 651 661 667 676 716 751 799 803 805 809 814 826 863 866 886 904 905 932
483 629 633 641 648 651 661 667 676 678 701 702 707 716 737 739 742 743 751 782 796 799 801 803 809 839 847 863 878 886 891 896 905 908 931 939
484 764
485 630 641 648 661 662 664 676 678 695 701 707 730 739 742 743 759 764 771 774 781 782 797 801 809 822 824 826 834 839 847 855 858 878 882 891 894 905 908 917 931 939
486 646 651 661 662 667 690 691 694 695 707 716 751 781 796 803 833 834 855 921 922
487 646 651 661 662 667 690 691 694 695 707 716 751 764 781 796 803 833 834 855 921 922
488 629 633 651 661 667 676 678 702 716 737 751 764 796 799 803 809 863 886 896 905
489 764
490 630 661 662 707 730 759 774 797 822 826 855 905
491 646 651 661 662 667 690 691 694 695 707 716 751 764 781 796 803 833 834 855 921 922
492 629 644 646 651 661 667 674 697 716 744 747 759 780 799 803 852 874 886 905 940
493 764
494 627 629 632 633 646 651 652 654 661 667 672 676 677 678 690 691 695 696 701 702 707 708 715 716 737 738 743 751 752 781 782 796 799 803 808 809 822 832 839 848 849 855 863 866 867 868 873 882 886 893 896 904 905 914 932
495 764
496 764
497 627 629 632 633 646 651 652 654 661 662 667 672 676 677 678 690 691 694 695 696 701 702 707 708 715 716 737 738 743 751 752 781 782 796 799 803 808 809 822 832 833 834 839 848 849 855 863 866 867 868 873 882 886 893 896 904 905 914 921 922 932
498 764
499 646 651 661 662 667 690 691 694 695 707 716 751 781 803 833 834 855 921 922
500 641 646 648 651 661 662 667 678 690 691 694 695 701 707 716 739 742 743 751 764 781 782 796 801 803 833 834 839 847 855 878 891 908 921 922 931 939
501 646 651 661 662 676 691 695 707 732 751 764 766 782 809 834 843 846 855 937
502 646 651 661 662 667 690 691 694 695 707 716 751 781 796 803 833 834 855 921 922
503 631 638 649 658 659 675 698 717 723 753 756 764 776 912
504 630 641 646 648 651 661 662 667 678 690 691 694 695 701 707 716 730 739 742 743 751 759 774 781 782 796 797 801 803 822 826 833 834 839 847 855 878 891 905 908 921 922 931 939
505 646 651 661 662 667 690 691 694 695 707 716 751 781 796 803 833 834 855 921 922
506 627 629 632 633 646 651 652 654 661 667 672 676 677 678 690 691 695 696 701 702 707 708 715 716 737 738 743 751 752 781 782 796 799 803 808 809 822 832 839 848 849 855 863 866 867 868 873 882 886 893 896 904 905 914 932
507 646 651 661 662 667 690 691 694 695 707 716 751 781 796 803 833 834 855 921 922
508 764
509 764
510 646 651 661 662 667 690 691 694 695 707 716 751 781 796 803 833 834 855 921 922
511 646 651 661 662 667 690 691 694 695 707 716 751 781 796 803 833 834 855 921 922
512 646 651 661 662 667 690 691 694 695 707 716 751 781 803 833 834 855 921 922
513 630 641 648 661 662 678 701 707 730 739 742 743 759 774 782 797 801 822 826 839 847 855 878 891 905 908 931 939
514 646 651 661 662 667 690 691 694 695 707 716 751 781 796 803 833 834 855 921 922
515 764
516 646 651 661 662 667 690 691 694 695 707 716 751 781 796 803 833 834 855 921 922
517 646 651 661 662 667 690 691 694 695 707 716 751 781 803 833 834 855 921 922
518 764
519 764
520 629 633 646 651 661 667 676 678 690 691 695 702 716 737 751 796 799 803 809 822 855 863 866 886 896 904 905 932
521 764
522 629 633 646 651 661 662 667 676 678 690 691 694 695 702 707 716 737 751 781 796 799 803 809 833 834 855 863 886 896 905 921 922
523 646 651 661 662 667 690 691 694 695 707 716 751 781 796 803 833 834 855 921 922
524 646 651 661 662 667 690 691 694 695 707 716 751 781 796 803 833 834 855 921 922
525 764
526 630 641 648 661 662 678 680 685 694 701 707 730 737 739 742 743 759 770 773 774 782 783 785 797 801 811 812 822 825 826 833 839 847 854 855 878 891 905 906 908 921 929 931 939
527 627 629 632 633 646 651 652 654 661 667 672 676 677 678 690 691 695 696 701 702 707 708 715 716 737 738 743 751 752 781 782 796 799 803 808 809 822 832 839 848 849 855 863 866 867 868 873 882 886 893 896 904 905 914 932
528 630 631 637 638 649 658 659 661 662 663 675 681 685 698 704 707 717 723 730 753 756 759 774 776 797 822 825 826 855 898 905 912 914 921
529 641 646 648 651 661 662 667 678 690 691 694 695 701 707 716 739 742 743 751 781 782 796 801 803 833 834 839 847 855 878 891 908 921 922 931 939
530 646 651 661 662 667 690 691 694 695 707 716 751 781 796 803 833 834 855 921 922
531 629 644 646 651 661 667 674 697 716 744 747 759 780 799 803 852 874 886 905 940
532 630 661 662 707 730 759 764 774 797 822 826 855 905
533 630 641 648 661 662 678 701 707 730 739 742 743 759 764 774 782 797 801 822 826 839 847 855 878 891 905 908 931 939
534 633 646 651 661 662 667 678 690 691 692 694 695 706 707 716 751 781 796 799 803 817 822 833 834 854 855 863 866 904 905 909 911 921 922 932 935
535 829
536 646 651 661 662 667 690 691 694 695 707 716 751 781 796 803 833 834 855 921 922
537 630 637 646 651 661 662 691 695 707 730 752 759 764 774 797 822 826 855 869 905 909 921 930
538 630 641 648 661 662 664 676 678 695 701 707 730 739 742 743 759 764 771 774 781 782 797 801 809 822 824 826 834 839 847 855 858 878 882 891 894 905 908 917 931 939
539 646 651 661 662 667 690 691 694 695 707 716 751 781 796 803 833 834 855 921 922
540 629 667 676 691 695 716 730 751 781 802 803 809 855 863 882 886
541 764
542 764
543 641 648 661 678 701 707 739 742 743 782 801 839 847 878 891 908 931 939
544 630 631 638 649 658 659 661 662 675 698 707 717 723 730 753 756 759 774 776 797 822 826 855 905 912
545 764
546 764
547 764
548 646 651 661 662 667 690 691 694 695 707 716 751 781 796 803 833 834 855 921 922
549 764
550 764
551 646 651 661 662 667 690 691 694 695 707 716 751 781 796 803 833 834 855 921 922
552 764
553 630 641 648 661 662 678 701 707 730 739 742 743 759 774 782 797 801 822 826 839 847 855 878 891 905 908 931 939
554 764
555 630 641 646 648 651 661 662 664 667 676 678 690 691 694 695 701 707 716 730 739 742 743 751 759 771 774 781 782 796 797 801 803 809 822 824 826 833 834 839 847 855 858 878 882 891 894 905 908 917 921 922 931 939
556 630 661 662 707 730 759 764 774 797 822 826 855 905
557 629 630 641 646 648 651 656 661 662 664 667 676 678 690 691 694 695 701 707 716 722 730 739 742 743 751 752 755 759 764 771 774 781 782 796 797 801 802 803 809 813 822 824 826 833 834 839 847 855 858 863 878 882 886 891 894 905 908 909 917 921 922 931 939
558 630 641 648 661 662 678 701 707 730 739 742 743 759 774 782 797 801 822 826 839 847 855 878 891 905 908 931 939
559 629 644 646 651 661 667 674 697 716 744 747 759 764 780 799 803 852 874 886 905 940
560 630 661 662 707 730 759 764 774 797 822 826 855 905
561 685 764
562 764
563 646 651 661 662 667 690 691 694 695 707 716 751 781 796 803 833 834 855 921 922
564 641 648 661 678 701 707 739 742 743 764 782 801 839 847 878 891 908 931 939
565 646 651 661 662 667 690 691 694 695 707 716 751 781 796 803 833 834 855 921 922
566 627 629 632 633 646 651 652 654 661 667 672 676 677 678 690 691 695 696 701 702 707 708 715 716 737 738 743 751 752 781 782 796 799 803 808 809 822 832 839 848 849 855 863 866 867 868 873 882 886 893 896 904 905 914 932
567 646 651 661 662 667 690 691 694 695 707 716 751 781 796 803 833 834 855 921 922
568 764
569 641 648 661 678 701 707 739 742 743 764 782 801 839 847 878 891 908 931 939
570 630 631 637 638 649 658 659 661 662 663 675 681 685 698 704 707 717 723 730 753 756 759 774 776 797 822 825 826 855 898 905 912 914 921
571 629 631 633 634 638 639 643 644 646 649 651 658 659 661 662 664 667 674 675 676 679 690 691 698 707 712 713 716 717 723 728 737 740 747 748 750 751 753 756 759 764 767 768 773 775 776 781 784 796 799 803 806 809 810 811 813 823 824 825 834 843 855 859 863 881 885 886 887 900 905 912 916 921 927 932
572 627 629 632 633 646 651 652 654 661 662 667 672 676 677 678 690 691 694 695 696 701 702 707 708 715 716 737 738 743 751 752 764 781 782 796 799 803 808 809 822 832 833 834 839 848 849 855 863 866 867 868 873 882 886 893 896 904 905 914 921 922 932
573 646 651 661 662 667 690 691 694 695 707 716 751 781 796 803 833 834 855 921 922
574 641 648 661 678 701 707 739 742 743 764 782 801 839 847 878 891 908 931 939
575 764
576 764
577 630 641 648 661 662 664 676 678 695 701 707 730 739 742 743 759 764 771 774 781 782 797 801 809 822 824 826 834 839 847 855 858 878 882 891 894 905 908 917 931 939
578 629 631 633 638 646 649 651 658 659 661 662 667 676 690 691 694 695 705 707 716 723 751 753 756 776 781 799 803 809 833 834 855 863 886 912 921 922 932
579 646 651 661 662 667 690 691 694 695 707 716 751 781 796 803 833 834 855 921 922
580 764
581 629 644 646 651 661 667 674 697 716 744 747 759 780 799 803 852 874 886 905 940
582 629 641 644 646 648 651 661 662 664 667 674 676 678 695 697 701 707 716 739 742 743 744 747 759 764 771 780 781 782 799 801 803 809 824 834 839 847 852 855 858 874 878 882 886 891 894 905 908 917 931 939 940
583 764
584 764
585 641 646 648 651 661 662 667 674 678 690 691 695 701 707 712 716 737 739 742 743 748 751 764 768 772 773 781 782 784 796 799 801 803 810 811 822 823 825 834 839 841 843 847 855 863 878 885 891 905 908 921 923 931 939
586 646 651 661 662 667 690 691 694 695 707 716 751 781 796 803 833 834 855 921 922
587 637 661 663 681 685 704 764 822 825 898 914 921
588 764
589 629 644 646 651 661 667 674 697 716 744 747 759 780 799 803 852 874 886 905 940
590 764
591 764
592 764
593 646 651 661 662 667 685 690 691 694 695 707 716 751 781 796 803 833 834 855 921 922
594 630 661 662 707 730 759 764 774 797 822 826 855 905
595 764
596 646 651 661 662 667 690 691 694 695 707 716 751 781 796 803 833 834 855 921 922
597 631 633 638 645 646 649 651 658 659 661 662 667 675 690 691 694 695 698 707 715 716 717 723 727 751 753 756 764 776 781 796 799 803 822 833 834 855 863 904 912 921 922 932
598 764
599 796
600 641 648 661 678 701 707 739 742 743 764 782 801 839 847 878 891 908 931 939
601 764
602 646 651 661 662 667 674 690 691 695 707 712 716 737 748 751 764 768 772 773 781 784 796 799 803 810 811 822 823 825 834 841 843 855 863 885 905 921 923
603 764
604 646 651 661 662 667 690 691 694 695 707 716 751 781 796 803 833 834 855 921 922
605 630 641 648 661 662 678 701 707 730 739 742 743 759 764 774 782 797 801 822 826 839 847 855 878 891 905 908 931 939
606 627 629 632 633 646 651 652 654 661 667 672 676 677 678 690 691 695 696 701 702 707 708 715 716 737 738 743 751 752 781 782 796 799 803 808 809 822 832 839 848 849 855 863 866 867 868 873 882 886 893 896 904 905 914 932
607 646 651 661 662 667 690 691 694 695 707 716 751 781 803 833 834 855 921 922
608 630 631 637 638 649 658 659 661 662 663 675 681 685 698 704 707 717 723 730 753 756 759 774 776 797 822 825 826 855 898 905 912 914 921
609 764
610 646 651 661 662 667 690 691 694 695 707 716 751 781 796 803 833 834 855 921 922
611 629 640 646 651 661 662 667 674 676 685 690 691 694 695 699 707 716 724 730 737 747 751 766 768 769 771 773 781 795 796 802 803 809 811 823 833 834 855 863 870 881 882 885 886 895 905 917 921 922 929
612 764
613 646 651 661 662 667 690 691 694 695 707 716 751 781 796 803 833 834 855 921 922
614 646 651 661 662 667 690 691 694 695 707 716 751 781 796 803 833 834 855 921 922
615 629 644 646 651 661 667 674 697 716 744 747 759 764 780 799 803 852 874 886 905 940
616 630 661 662 707 730 759 774 797 822 826 855 905
617 641 648 661 662 664 676 678 695 701 707 739 742 743 771 781 782 801 809 824 834 839 847 855 858 878 882 891 894 908 917 931 939
618 630 637 646 651 661 662 667 674 685 690 691 694 695 707 716 737 751 781 796 797 803 822 823 825 833 834 844 855 905 921 922
619 631 637 638 646 649 651 658 659 661 662 669 674 678 682 691 692 695 706 707 723 730 737 752 753 756 760 763 776 781 785 796 809 817 822 825 829 836 840 849 854 855 865 869 886 901 902 905 909 911 912 921 930 935
620 630 641 648 661 662 664 676 678 695 701 707 730 739 742 743 759 764 771 774 781 782 797 801 809 822 824 826 834 839 847 855 858 878 882 891 894 905 908 917 931 939
621 630 641 648 661 662 678 701 707 730 739 742 743 759 774 782 797 801 822 826 839 847 855 878 891 905 908 931 939
622 646 651 661 662 667 690 691 694 695 707 716 751 781 796 803 833 834 855 921 922
