0 1 2 3 10 15 16 17 18 20 23 29 34 39
1 1 2 3 10 15 16 17 18 23 29 34 39
2 0
3 5 34 37
4 1 2 15 16 17 19 23 34
5 20
6
7
8 20
9
10
11
12
13 1 2 3 10 15 16 17 18 23 29 34 39
14 0
15 0
16
17 0
18 0 24 34
19 0 1 2 3 10 15 16 17 18 23 29 34
20 0
21
22
23 12
24
25 4
26
27 12
28
29 20
30 5 34 37
31
32
33 0
34 12
35
36 0
37
38
39
40
41
42 0 4 20
43 1 2 3 10 15 16 17 18 23 29 34
44
45
46 12
47 0
48 1 2 3 10 15 16 17 18 23 29 34
49
50 25 30
51 0 4
52
53
54 0 4 20 34 35
55
56 20
57 0 12
58 0 4
59 20 25
60 0 33
61 0
62
63
64
65 0 12
66 0
67
68
69 1 2 3 10 15 16 17 18 23 29 34
70
71
72 1 2 3 10 15 16 17 18 23 29 34
73
74 1 2 3 10 15 16 17 18 23 29 34
75 1 2 3 10 15 16 17 18 23 29 34
76
77 1 2 3 10 15 16 17 18 20 23 29 34
78 0
79
80
81
82 1 2 15 16 17 19 23 34
83 1 2 3 10 15 16 17 18 20 23 29 34
84
85 0
86 0 20
87 20
88
89
90
91
92 20
93
94
95
96 20
97
98 0
99
100
101
102 0 12
103 20
104
105
106 20
107 0
108
109 0
110 0
111
112
113
114 0 27
115 5 9 26 27
116
117 12
118 5 34 37
119 0
120
121
122 1 2 3 10 15 16 17 18 23 29 34
123
124 30
125
126 31
127 0
128 0
129 0
130
131
132 4
133
134 0
135 1 2 3 10 15 16 17 18 23 29 34
136 12
137
138
139
140
141 1 2 3 10 15 16 17 18 23 29 34
142
143
144
145
146 5 24 26
147 20
148
149 31
150 0
151 9 27
152 0 30
153
154 1 2 3 10 11 15 16 17 18 23 29 34
155
156 20 22 34 36
157
158 12 20
159 20
160 0
161
162 20
163 0
164 12
165 0
166 0
167 0
168
169 0
170
171
172 0 20
173 0
174 0 20
175 20
176 0
177 0
178 0
179 20
180 20
181
182 20
183 12
184 5
185 5
186
187
188
189
190 0
191
192
193 1 2 3 10 15 16 17 18 23 29 34
194 0 12 20
195
196
197 12
198 23 25 30 32
199 0 20
200
201 0
202
203 11
204
205 0 12 20
206 0
207 11
208
209
210
211
212 0
213 24 26
214 26
215
216 0
217 0
218
219
220
221
222
223 0 26
224 20 21 28
225 0
226
227
228 20
229 20
230 1 2 3 10 15 16 17 18 23 29 34
231 0
232 0
233 11
234
235 0
236 0
237
238
239 0
240 0
241 0
242 0
243
244 0
245
246
247
248 34 36
249 34 36
250 34 35 36
251 34 35 36
252
253
254 12 20
255
256
257 0 4
258 4 5 9 27
259 20
260 11
261 0
262
263
264
265 0
266 0
267
268 0
269
270 11
271
272 0
273
274
275 0 20
276 0 4
277 0
278
279 0
280 1 2 3 10 15 16 17 18 23 29 34
281
282 0 12
283 0 4
284
285 20
286
287 0
288
289
290
291
292
293 20
294
295
296 1 2 3 10 15 16 17 18 23 29 34 39
297 12 20
298
299 33
300
301
302 0
303 0
304
305 12
306 20 30
307 0
308 0
309 12
310 1 2 3 10 15 16 17 18 23 29 34
311 1 2 3 10 15 16 17 18 23 29 34
312 12 20
313
314 20
315 20
316 12
317 1 2 3 10 15 16 17 18 23 29 34
318 0 1 2 3 10 15 16 17 18 23 29 34
319
320
321
322 0
323 24
324
325 24
326 1 2 3 10 15 16 17 18 23 29 34
327 0
328
329 31
330
331
332 12 20
333
334
335
336 1 2 3 10 15 16 17 18 23 29 34
337 20
338
339
340
341 9 27
342 5 34 37
343 0 4
344 1 2 3 10 15 16 17 18 23 29 34
345
346 1 2 3 10 15 16 17 18 23 29 34
347 0
348
349
350 0
351 0
352 0
353 0
354
355
356 0
357 1 2 3 10 15 16 17 18 23 29 34
358
359
360 0
361
362 0
363 0
364 0
365 0
366 30
367
368 1 2 15 16 17 19 23 34
369 0
370 0
371 20
372
373
374 0
375 0
376 0
377 13
378 5 13 30
379 0
380 20
381
382 25
383 0
384
385
386 1 2 3 10 15 16 17 18 23 29 34
387 0
388 0
389 1 2 3 8 10 12 15 16 17 18 23 29 34
390 0 12
391 0
392 0
393 1 2 3 10 15 16 17 18 23 29 34
394 20
395 20
396
397 12
398
399 0
400
401 0
402 0
403 26
404 20
405 5 27
406 0
407 0
408 12 20
409
410 1 2 3 10 15 16 17 18 23 29 34
411
412
413 0
414
415
416
417
418 12
419 1 2 3 10 15 16 17 18 23 29 34
420 1 2 3 10 15 16 17 18 23 29 34
421 0
422
423
424 12
425 5 34 37
426 20
427 12
428 7 12 20
429 12 20
430 34
431 0
432
433
434
435 23 25 30
436 20
437 20
438 1 2 3 10 15 16 17 18 23 29 34
439
440
441 20
442
443
444 20 21
445 34
446 1 2 3 10 15 16 17 18 23 29 34
447
448 1 2 3 10 15 16 17 18 23 29 34
449
450 12 20
451
452
453 20
454 0
455 0
456 20
457 24
458 0
459 0
460
461
462 0
463 20
464
465 20
466 20
467 20
468 9 27
469 0 20
470
471 0 12
472
473
474
475 0
476
477
478 0
479
480 1 2 3 10 15 16 17 18 23 29 34
481
482 0
483 0 4 34
484 20
485
486
487 20
488 0
489 20 31
490
491
492
493 12
494
495 0 4
496 12
497
498 20
499 0
500 20
501
502
503
504
505 0
506
507 0
508 9 27
509
510 24
511 4 5 9 24 27 34 36
512 4 5 9 24 27 34 36
513 4 5 9 12 24 27 34 36
514 1 2 3 10 15 16 17 18 23 29 34
515
516
517 20
518 0
519 12
520
521 20
522
523 0
524 0
525
526
527 4 9 27
528 0 12 20
529 0 1 2 3 10 15 16 17 18 23 29 34
530
531
532
533
534 0 4 20
535 32
536 1 2 3 10 15 16 17 18 23 29 34
537
538 0
539 0 4 20
540
541 0
542
543 0
544 0
545 0
546 0
547 0
548
549
550 0 4 20
551 0
552 1 2 15 16 17 19 23 34
553 0 12
554 20
555
556 23 25 30 32
557
558 0
559
560
561
562
563 0 25 28 30
564
565 12
566 1 2 3 10 15 16 17 18 23 29 34
567 0
568
569 1 2 3 10 15 16 17 18 23 29 34
570
571 0
572
573
574
575
576 20
577
578
579 24
580 20 31
581
582 1 2 3 10 15 16 17 18 23 29 34
583
584
585
586 0
587 0
588 0
589 0
590 0
591
592
593
594
595 4
596 0 12
597
598
599 0 12
600
601 0
602 1 2 3 5 10 15 16 17 18 23 29 34
603
604 0 5 24 25 28 30 32 34
605 0
606 0
607 30
608
609 0
610 27
611
612 0 20
613
614
615 12
616 1 2 3 10 15 16 17 18 23 29 34
617 20
618 0
619
620
621 12 20
622 1 2 3 10 15 16 17 18 23 29 34
623 0 20
624 0 12
625 1 2 3 10 15 16 17 18 23 29 34
626 20
627 0 4 13
628
629 12
630 0 30
631 0 20
632
633
634 0
635
636
637
638
639 0
640 0
641 0
642 0
643
644 0
645 0
646 0
647 0
648 0
649 0
650 0 12
651
652 33
653
654
655
656
657
658 24
659
660 20
661 20
662 0 4 7 34
663 0 4 7 34 35
664
665
666 0 12 34
667
668
669 20
670 20
671 12
672
673 12 20
674 20
675
676 0
677 0 4 20
678 0
679 0
680
681
682
683
684
685
686
687
688
689
690
691
692 20
693 20
694 0
695
696
697 20
698
699
700
701 12
702
703 23 25
704 1 2 6 15 16 17 19 23 34
705 0 20
706
707 1 2 3 10 15 16 17 18 23 29 34
708
709
710
711
712
713
714 0
715 24 31 32
716
717 0 12
718
719 0 1 2 20 23 34
720
721 0
722 5 13 20 24 26 34
723 12
724 0 12
725 0
726 0 7 34
727
728
729 5 13 20 24 34
730
731 33 34 36
732 23 25 30 32
733 0 4 34
734 0 4 32 34
735
736 0
737 26
738 20
739 20
740
741
742 0 4
743
744 20
745
746 20
747 0
748 20
749
750 12
751 20
752 20
753
754 0 20 21
755
756 36
757
758
759
760 0
761 26 34
762 26 34
763 26 34
764 26 34
765 26 34
766 5 26 34
767 4
768 12
769
770
771 20
772
773
774 0
775
776
777 0
778 0
779
780 0
781 0
782
783 1 2 3 10 15 16 17 18 23 29 34
784 0
785 0
786
787 0
788 0
789 0
790
791
792
793 0
794 0
795
796 0
797
798
799
800 0
801 0
802 0 4 9 27
803
804 27
805 0
806
807 0
808
809
810 20
811
812 0
813 0
814
815
816 0
817
818 0 25
819
820 0
821 27
822 0
823 0 20
824
825 0 20
826
827 20
828 20
829 4
830
831
832 0
833
834 5 24 26
835
836 0
837
838 0
839
840
841 12
842
843 0 7 34
844
845 23 25 30 32
846 0
847 12
848
849 5 26
850
851 1 2 3 10 15 16 17 18 23 29 34
852 0
853
854
855 5 24 26
856
857 0
858 0
859 0 25
860 1 2 3 10 15 16 17 18 23 29 34
861 1 2 3 10 15 16 17 18 23 29 34
862 0
863
864
865 0
866
867
868 12
869 12
870
871
872
873
874
875 0
876 0
877
878 20
879 20
880 0
881 0
882 20
883
884 0 20 25
885 0
886 20
887 0
888
889 20
890
891
892
893 20
894 20
895
896
897 0 4
898
899
900 0
901 0 4
902
903 4
904
905 20
906 0
907 0
908
909
910 11
911
912 12
913 4
914 0
915 20
916
917
918 12
919 5 24 26 40
920 12
921
922
923 12
924
925
926
927 0
928 4
929 12
930 0
931
932
933
934
935 1 2 3 10 15 16 17 18 23 29 34
936
937 12
938
939
940
941 0
942 0
943 0
944 0 25
945 4
946 0
947 0
948 0
949
950 9 27
951 34
952 11 20
953 20
954 20
955 0
956
957 20
958
959
960
961
962 20
963
964 7 34
965 20
966
967 1 2 3 10 15 16 17 18 23 29 34
968
969 0
970
971 20
972 0
973
974 4
975 14 34 35
976 12 20
977 0 4
978
979
980 0
981 1 2 12 23 34
982 4
983 0
984
985
986
987 0
988 23 25 30 32
989 0
990 12 20
991
992
993
994 0 4 7 34
995 0
996 1 2 15 16 17 19 23 34
997 0 4 34
998
999 1 2 3 10 15 16 17 18 20 23 29 34 39
1000 4
1001 0
1002
1003 4
1004 0
1005
1006 0
1007 12
1008 20
1009 20
1010
1011 0
1012
1013
1014 0
1015
1016
1017 0
1018 12
1019
1020 12
1021
1022
1023
1024
1025
1026 20
1027 0 9 27
1028 0
1029
1030 20
1031
1032
1033 30 32
1034
1035 30
1036 0 25
1037
1038
1039 0
1040 1 2 3 10 15 16 17 18 23 29 34
1041
1042 0 4 20
1043 20
1044 0 25
1045 0
1046 0
1047
1048 0
1049 0
1050 0
1051
1052
1053 0
1054 0
1055
1056 0
1057 0 7 34
1058
1059 0
1060
1061 0 4 34
1062
1063 0
1064 0
1065 20
1066
1067 12
1068 0 25
1069
1070 1 2 3 10 15 16 17 18 23 29 34
1071 1 2 3 10 15 16 17 18 23 29 34
1072 12
1073
1074
1075
1076
1077 14
1078 0
1079 0
1080 0
1081 12 23 25 30 32
1082
1083 20
1084
1085
1086
1087 4
1088
1089 0 37
1090
1091 0 12
1092 30
1093
1094 20
1095 0 7 34
1096
1097 4
1098 12 20
1099
1100 0
1101 0
1102
1103
1104 0
1105 12
1106 1 2 3 10 15 16 17 18 23 29 34
1107 1 2 3 10 15 16 17 18 23 29 34
1108 12
1109 0 12
1110 20
1111
1112 0
1113 0
1114
1115 12
1116 0
1117
1118
1119 12
1120 26
1121
1122
1123 5 34 37
1124
1125 12
1126
1127 1 2 3 10 15 16 17 18 23 29 34
1128
1129
1130
1131 12
1132
1133 5 9 27
1134 20
1135 5 34 37
1136
1137
1138
1139
1140 12 20
1141
1142 20
1143 12 20
1144 0 7 34
1145 5 34 37
1146 0
1147
1148
1149 20
1150
1151 1 2 3 10 15 16 17 18 23 29 34
1152
1153 20 21
1154 0
1155 0
1156
1157
1158 7 34
1159
1160
1161
1162
1163 1 2 3 10 15 16 17 18 23 29 34
1164 25
1165
1166
1167
1168 12
1169
1170 12
1171 26
1172
1173
1174 20
1175
1176 20
1177
1178
1179 33
1180
1181 4 9 24 27 36
1182 9 27
1183 12 33
1184 0 33
1185
1186
1187
1188
1189
1190
1191 20
1192 12 20
1193
1194
1195 12
1196
1197 12
1198
1199
1200 23 25 30 32
1201 24 30
1202 0
1203 0 4 9 24 27
1204 1 2 3 10 15 16 17 18 23 29 34
1205 5 34
1206
1207
1208 0 20
1209
1210
1211
1212
1213 0
1214 1 2 3 10 15 16 17 18 23 29 34
1215
1216 0
1217
1218 0
1219 20
1220 20
1221 20
1222 20
1223
1224 0 20 26
1225 0 20
1226
1227
1228 12
1229
1230
1231
1232 0 12
1233 20
1234
1235
1236
1237
1238 27
1239 12
1240
1241
1242
1243
1244
1245
1246
1247 12
1248 0
1249
1250 20
1251
1252 1 2 3 10 15 16 17 18 23 29 34
1253 20
1254
1255
1256
1257
1258
1259
1260 4
1261 20
1262
1263
1264
1265 0
1266 9 27
1267
1268
1269 12 20
1270 0
1271 0
1272 0
1273 0
1274 0
1275 0
1276 20
1277 0
1278 0
1279 20
1280 0
1281
1282 1 2 3 10 15 16 17 18 20 23 29 34
1283 12
1284
1285 5 26 34
1286 0
1287 1 2 3 10 15 16 17 18 23 29 34
1288 1 2 3 10 15 16 17 18 23 29 34
1289
1290
1291
1292
1293
1294
1295
1296 0
1297 1 2 3 10 15 16 17 18 23 29 34
1298 20
1299 0
1300 0
1301
1302
1303 0 27
1304
1305 0 20
1306
1307
1308
1309 20
1310
1311 0 20
1312 0
1313 12
1314 23 25 30 32
1315
1316 0 7 34
1317 20
1318 0
1319
1320
1321 30
1322
1323 0 20
1324
1325 24 27 34
1326 0
1327
1328 1 2 3 10 15 16 17 18 23 29 34
1329
1330
1331
1332
1333 0
1334 0
1335 0
1336
1337 0
1338
1339 0
1340 12
1341
1342
1343
1344
1345 12
1346
1347 20
1348
1349
1350
1351 1 2 3 10 15 16 17 18 23 29 34
1352
1353 12
1354
1355
1356 0
1357
1358 0
1359 0 9 27
1360
1361
1362
1363 20
1364 12 20
1365 0
1366
1367 4 12 20
1368 20
1369 0
1370 0 20
1371
1372 12
1373
1374
1375 0
1376
1377 12
1378 20
1379 20
1380 20
1381 20
1382 20
1383
1384
1385 12 38
1386 20
1387 12
1388 1 2 3 10 15 16 17 18 20 23 29 34
1389 12
1390
1391
1392 0
1393
1394 20
1395
1396 1 2 3 10 15 16 17 18 20 23 29 34 39
1397
1398 1 2 3 10 15 16 17 18 23 29 34
1399
1400
1401 26
1402 0 12
1403 20
1404
1405 0
1406
1407 0 20
1408 9 13 27 40
1409 9 13 27 40
1410 9 13 27 40
1411 9 13 27 40
1412 9 13 27 40
1413 9 13 27 40
1414 9 13 27 40
1415 9 13 27 40
1416 0
1417
1418 0
1419 0
1420 0 20
1421 0
1422 12
