0 709 975
1 201 551 620 628 673
2 282 286
3 234 688
4 49 129 132 371 421 941 966
5 141 274 285 348 521 789
6 133 343 348 426 495 941
7 34 35 173 381 493 683 722 835 930
8 107 121 711 829 845 891
9 181 274 611 758 789 895 917 1033
10 181 274 611 758 789 895 917 1033
11 201 551 620 628 673
12 561
13 978
14 665 819 830 841 873 978 1067
15 393 819 830 841
16 1067
17 1067
18 812 944
19 460
20 133 140 335 792
21 286
22 118 119 236 337 455 476 690 706 892 1018
23 371 422 495 496 704
24 536 926
25 1067
26 791
27 91 99 107 479 637 681 794 891
28 1067
29 90 109 119 190 203 205 235 244 263 293 335 366 367 372 384 392 393 421 515 534 568 619 632 688 712 714 733 735 813 819 842 848 854 930 968 974 991 1011 1043 1053
30 85 99 100 107 162 195 251 280 325 327 335 441 447 457 688 753 768 826 882 891 893 1040
31 54 185 186 421 470 495 688 704 725 892 1030 1036
32 119 190 203 372 733 813 819 1011 1043 1053
33 85 99 100 107 195 240 251 269 327 335 447 457 697 735 826 846 882 891 937 974 1040 1068
34 18 35 54 76 80 94 159 166 167 169 176 177 185 186 188 198 203 217 243 259 329 348 372 393 421 423 426 434 470 490 495 557 561 584 597 611 650 663 682 688 704 714 725 779 795 798 812 835 859 863 879 892 924 941 944 953 987 1003 1023 1030 1036 1049 1053 1066 1067
35 1067
36 282 286
37 813 1053
38 93 386 593 638
39 54 99 100 118 180 197 229 230 421 470 610 623 688 725 868 892 1030 1036 1040
40 830 841
41 819
42 180 335
43 577 720
44 489 647 959
45 535 772 1030 1036 1037
46 91 99
47 422 495
48 181 274 611 665 677 688 758 789 792 873 895 917 1033
49 335 464 469 535 665 677 688 734 772 873 1030 1036 1037
50 637 794
51 22 110
52 91 99
53 863
54 702
55 91 99
56 282 286
57 328
58 282 286
59 282 286
60 125 126 426 452 552 927 966 982
61 337 422 459 463 464 469 495 572 734
62 91 99
63 665 677 688 873
64 71 275 335 420 535 772 775 800 836 838 1003 1023 1030 1036 1037
65 13 43 53 419 425 1009
66 939
67 152 198 326 335 502 819 964
68 188
69 709 975
70 858 863
71 91 99
72 657
73 181 1053
74 546
75 288 349 351 353 951 970 972 1046 1054
76 101 113 243 495
77 434 795 953
78 99
79 322 853
80 99 152 184 198 326 335 502 819 964
81 13 43 53 419 425 434 795 953 1009
82 201 551 620 628 673
83 109 392
84 101 113 495
85 165 175 340 393 714 719 784 897
86 286
87 286
88 255 540
89 200 817 819 863
90 42 134 200 421 495 577 720 813 817 819 863 1029 1053
91 133 140 335 792
92 939
93 84 569
94 220 495 661 695 704 751
95 109 392 393 494 943 1033
96 109 392 393 494 943
97 791
98 1033
99 337 459 463 464 469 572 734
100 490 650 798 924 987
101 0
102 440 490 524 622 629 696 780 863
103 622 629 696
104 379 406 583 585
105 440 490 524 780
106 622 629 696
107 185 186
108 177 561 1053
109 91 99
110 91 99
111 278 614 863
112 35 371 422 495 496 704 813 936 992
113 863
114 109 392 422 495 656
115 863
116 60 72 77 133 279 297 399 445 448 471 483 516 559 630 642 649 662 701 727 739 796 837 850 863 933 958 1031 1055
117 84 569
118 489 647 959
119 770
120 588 906 1034
121 177
122 709 975
123 0
124 812 944
125 107 447 891
126 975
127 129 144 193 196 307 369 382 422 426 510
128 422 495
129 637 794
130 22 110
131 5 109 311 392
132 94 217 426 814 822 1047 1052
133 178 335 416 417 602 606 685
134 320 790
135 5 109 311 392
136 201 393 551 620 628 673 714
137 663
138 335 355 397 402 468 490 606 685 830 840 924 1060
139 335 397 402 606 685
140 395 824
141 345 360 422 495 612 685 688 1039
142 611
143 102 423 725 813
144 129 144 153 193 196 289 307 369 375 382 422 426 510 524 529 728 752 856 891 1010 1027
145 322 853
146 386
147 109 335 392
148 681
149 107 447 863 891
150 221 422 495
151 216 228 480 650 798 802 987
152 813 1053
153 12 141 181 274 285 348 364 495 521 579 611 621 758 789 819 895 917 1033
154 345 360 395 612 685 688 824 1039
155 322 853
156 812 944
157 193 194 239 253 335 603 606 685 719 737 746 809 918 998
158 334 852
159 48 271 714 1033
160 12 274 341 364 422 495 561 579 611 621 688 704 789 792 812 813 819 944 966 988 1001 1053 1067
161 274 364 495 789
162 294 631
163 206 688 732
164 165 175 340 393 714 719 784 897
165 1067
166 159 177 191 262 367 372 427 680 731 733 954 1004
167 663 717 783
168 791
169 114 246 381 422 495 544 665 873 874 892
170 434 795 953
171 234 438 565 688
172 91 99 543 688 756 767
173 791
174 114 256 805 806 893
175 91 99
176 91 99
177 819
178 165 175 340 393 714 719 784 897
179 114 246 381 544 665 873 874 892
180 438 565
181 193 194 239 253 719 737 746 809 918 998
182 243
183 58 233 1016
184 804 827 984 1013 1017
185 434 795 953
186 804 827 984 1013 1017
187 371 422 495 496 704
188 345 360 395 422 495 612 685 688 824 1039
189 107 891
190 109 392
191 552 744
192 458 461 810 995
193 13 43 53 145 188 309 419 425 435 458 461 475 741 810 973 995 1006 1009 1040
194 129 144 193 196 307 369 382 422 426 510
195 93 154 398 535 561 665 677 688 772 812 873 931 944 956 966 988 1001 1030 1036 1037
196 24 108 161 225 234 350 688 718
197 20 32 40 46 73 131 199 259 316 317 378 475 477 489 492 580 628 639 647 658 883 959 1026 1035 1064
198 129 144 193 196 307 369 382 422 426 510
199 109 187 220 223 358 392 462 494 858 943 1019
200 709 975
201 107 109 162 280 392 575 705 891 893
202 331 1007
203 735 867 930 974
204 335 615 863 894
205 114 218 383 392 393 411 494 506 611 713 714 807 880 943 976
206 206 688 732
207 109 337 384 392
208 293 335 422 495 615 709 863 894 975
209 687 843
210 458 461 810 995
211 188 371 422 434 458 461 495 496 704 795 810 953 995
212 801 975
213 10 23 143 162 231 280 281 335 377 393 404 460 515 517 533 546 607 660 665 688 714 737 746 801 813 819 849 873 975 985 1004 1067
214 274 364 495 789
215 101 113 495
216 101 113 495
217 177
218 83 192 260 277 278 283 301 376 385 392 422 495 653 674 675 714 749 878 886 889 901 902 1059
219 13 43 53 419 425 1009
220 830 841
221 109 392 393 469 714 734
222 770
223 495 704
224 230 610
225 590 945
226 341 579 611 621 792 1067
227 485 819
228 177
229 273 388 546 819
230 422 495
231 258 314 325 335 336 345 347 360 368 407 475 567 581 582 634 665 688 703 707 710 765 774 873 884 909 910 959 972 1039
232 91 99 454 479 855
233 93 114
234 665 677 688 873
235 7 324
236 212 213 678 685 688 761 773 797 939 1021 1032
237 365 488 579 613 621 898 1067
238 198 212 213 258 314 325 335 336 345 347 360 368 407 454 475 567 581 582 627 634 678 685 688 703 707 710 761 765 773 774 797 812 855 876 884 909 910 916 939 944 959 972 1021 1032 1039
239 388 422 691 704
240 44 109 272 278 383 392 393 469 494 553 611 665 674 677 688 714 734 769 785 868 873 943 976
241 31 129 144 193 196 307 369 382 422 426 510 874
242 91 99 479
243 303 335 371 439 466 685 757 847
244 203 335 591 685 726 1011 1041
245 282 286
246 49 335 421 496 530 603 606 671 685 704 723 737 746 938
247 1033
248 177 210 259 325 557
249 259 379 514 557
250 1049
251 335 426 432 966
252 109 335 384 392 534
253 420 800
254 1049
255 181 201 551 579 620 621 628 673 1053
256 89 232 252 485 684 710 813 819 874 1004 1053
257 56 58 1016
258 400 764 799 1068
259 460
260 335 426 432 966
261 370 777 778 857 993
262 259 379 514 557
263 162 201 280 391 551 620 628 673 686 893 1068
264 395 824
265 793 1067
266 55 70 109 149 234 248 315 392 453 526 574 604 632 834 939 1033
267 834 1033
268 129 144 193 196 307 369 382 422 426 510
269 129 144 193 196 307 369 382 422 426 510
270 1053
271 328
272 420 800
273 114 187 218 220 383 392 393 411 462 494 495 506 611 661 695 704 713 714 751 807 858 880 943 976
274 220 495 661 695 704 751
275 5 109 311 392
276 109 335 392 685
277 322 853
278 322 853
279 370 777 778 857 993
280 393 714
281 129 144 193 196 307 369 382 422 426 510
282 214
283 566
284 709 975
285 54 421 470 688 725 892 1030 1036
286 611
287 91 99
288 930
289 566
290 214
291 22 110
292 393 714
293 109 392 393 714
294 49 136 201 322 335 392 414 421 437 469 494 496 530 531 550 551 556 579 603 606 620 621 628 671 685 697 704 723 729 734 737 746 853 937 938 939 943
295 84 337 558 569 605 665 685 688 754 791 873 893 1038
296 6 10 26 30 31 63 69 84 100 109 142 227 237 259 319 335 337 392 438 520 557 558 565 569 605 632 651 665 685 688 704 743 754 759 791 830 841 873 893 911 939 983 997 1038 1053
297 804 827 984 1013 1017
298 107 121 711 829 845 891
299 939
300 400 764 799 1068
301 438 565
302 333 787
303 543 688 756 767
304 211 782
305 322 853
306 84 569
307 84 569
308 1033
309 335 688 700 930
310 255 540
311 688 1022
312 159 372
313 198
314 188
315 202 525 1042
316 282 286
317 79 90 92 93 130 224 265 305 313 371 835 1023 1044 1051
318 22 110
319 22 110
320 255 540
321 322 853
322 145 188 309 435 475 741 973 1006 1040
323 22 110
324 201 423 551 619 620 628 632 673 718 819 933
325 735 974
326 133 140 335 543 688 700 756 767 792 930
327 282 286 787
328 282 286
329 114 966
330 1067
331 1053
332 335 688 700 930
333 107 891
334 107 891
335 8 10 158 164 469 734
336 10 371 377 401 405 422 495 496 665 704 819
337 665
338 663
339 220 495 661 695 704 751
340 861
341 82 365 488 512 579 613 621 898 1067
342 99 310 327 335 632 666 685
343 129 144 193 196 307 369 382 422 426 510
344 495 704
345 130 176 362 363 478 495 704 835 1022 1045 1052
346 49 371 392 422 495 496 704
347 611
348 403 546 808
349 536 926
350 201 551 620 628 673
351 255 540
352 2 819
353 611
354 434 795 953
355 8 10 158 164 469 558 734 754 787
356 469 494 734 943 1056
357 282 286 426 966
358 176 243 495
359 543 688 756 767
360 220 495 661 695 704 751
361 636 890
362 543 688 756 767
363 665 677 688 873
364 293 968 991 1000
365 393 714
366 486 905 907 908 909
367 109 392
368 109 335 392 447 685
369 109 328 335 392 609
370 629
371 66 335 511 606 629 685 858 863 864 923
372 65 92 99 195 687
373 611 950 951 1067
374 181 738 947
375 109 284 335 392 446 549 562 667 771 788 833 996 1040 1048 1049
376 18 51 76 80 92 99 115 216 228 250 259 282 286 295 298 390 395 426 473 480 557 611 650 665 798 802 814 817 819 822 824 875 899 951 959 966 975 986 987 1004 1047 1052 1067
377 45 534 539 648 731 963
378 12
379 495 704
380 18 40 76 80 91 97 99 114 129 160 161 200 219 222 259 260 302 335 370 379 421 438 481 482 483 514 543 547 548 552 555 557 563 564 565 588 626 659 663 665 688 697 716 717 737 746 756 767 783 819 873 892 906 915 918 920 921 930 937 948 967 1025 1026 1030 1034 1036 1067
381 176 362 363 478 1022 1045 1052
382 99 433 740 795
383 489 647 959
384 331 1007
385 91 99
386 255 540
387 91 99 200 222 250 543 659 663 688 717 756 767 783 875 948 1067
388 709 975
389 84 103 335 410 569
390 812 944
391 109 201 312 392 551 620 628
392 335 426 793 966 1067
393 29 37 41 130 204 296 375 491 524 692 747 819 856
394 817 819
395 165 175 201 276 340 393 628 714 719 784 897
396 133 343 348 426 495 941
397 243 495
398 94 217 426
399 141 181 255 274 285 348 521 540 543 611 636 665 676 688 756 758 767 789 873 890 895 917 1033
400 331 1007
401 665 676 873
402 710
403 433 740 795
404 665 676 873
405 49 129 132 371 421 941 966
406 10 63 103 105 146 217 426 495 704 813 966 1053
407 7 15 122 201 287 290 324 357 475 495 551 620 628 673 704 835
408 804 827 984 1013 1017
409 812 944 1067
410 495 704
411 93 114 125 133 139 189 241 357 821 835 1067
412 614 863
413 47 64 87 424 495 497 498 500 534 600 635 710 745 1022 1033
414 495 704
415 109 335 392
416 819 1053
417 147 267 371 474 495 501 570 786 811 1053 1060 1068
418 243 335 422 430 495 704 892
419 558 667 754
420 21 36 393
421 247 885 932
422 181 274 611 758 789 895 917 1033
423 819
424 200 577 720 817 819 863
425 495 704
426 391 686 1068
427 966
428 966
429 21 36 393 422 495
430 793 819 1067
431 588 906 1034
432 127 141 274 285 348 373 521 735 789
433 109 392
434 62 268 887
435 18 65 76 80 92 99 115 135 189 216 228 250 259 310 327 335 383 389 391 395 480 557 608 611 617 632 646 650 666 685 687 748 750 782 798 802 819 824 828 875 950 951 952 986 987 1004 1067
436 308 405 415 532 541 546 770
437 62 268 887
438 255 540
439 124 153 177 256 289 330 375 490 509 524 529 636 654 655 688 700 728 752 835 851 856 890 891 925 940 941 989 1010 1020 1027
440 391
441 813 1053
442 495 704
443 495 704
444 129 144 193 196 307 369 382 422 426 510
445 176 335 341 362 363 426 478 495 579 611 621 704 792 966 1022 1045 1052 1067
446 1065 1068
447 17 35 38 592 813 936 992
448 247 885 932
449 588 906 1034
450 34 35 81 173 381 428 493 683 722 835 930
451 109 335 384 392
452 688 966 988 1001
453 458 461 810 995
454 145 309 435 458 461 475 741 810 973 995 1006 1040
455 629 696
456 12
457 249 697 937
458 1065 1068
459 31 208 209 221 264 328 370 422 495 611 625
460 611
461 61 687 843 959
462 392
463 93 128 338 1028
464 423 718 819 933
465 127 373 735
466 90 119
467 371 422 495 496 704
468 345 360 612 685 688 1039
469 708 764
470 708 764
471 18 76 80 166 167 169 198 203 259 329 348 557 597 611 682 779 835 859 879 1003 1066
472 704 1062
473 642 903
474 813 1053
475 697 781
476 543 688 756 767
477 331 1007
478 3 17 38 45 46 93 99 180 182 183 189 234 256 292 293 299 338 433 472 503 504 505 513 518 519 534 539 576 592 611 623 639 648 669 679 688 731 736 740 752 761 795 844 865 904 939 961 963 965 969 977 981 999 1002 1008 1010
479 495 704
480 189
481 704 1062
482 322 853
483 577 957
484 42 170 198 402 451 545 554 618 685 763 1012
485 28 42 170 198 320 321 402 451 545 554 618 685 730 763 1012
486 109 312 392
487 422
488 189
489 60 72 77 279 297 399 445 448 471 483 516 559 630 642 649 662 701 727 739 796 837 850 863 933 958 1031 1055
490 331 543 688 756 767 1007
491 93 111 138 176 342 611 927 1050 1053
492 611
493 335 397 402 606 685
494 234 688
495 93 154 238 398 931 956
496 495 704
497 457 826 882
498 91 99 121 408 409 543 665 677 688 711 737 746 756 767 829 845 873 918 948 1067
499 495 704
500 484 792 1050 1057
501 91 99 121 457 543 688 711 756 767 826 829 845 882 948 1067
502 372 423 1023 1053
503 109 335 392
504 109 392
505 1067
506 434 795 953
507 33 39 91 99 174 259 261 318 412 444 474 479 551 557 652 670 742 743 791 1004 1069
508 221 422 495
509 7 15 33 39 91 99 109 122 174 259 261 287 290 318 324 357 392 397 402 412 422 444 454 474 475 479 551 557 652 656 665 670 742 743 835 842 855 1004 1069
510 7 15 122 287 290 324 357 475 835
511 89 684
512 177 210 325
513 147 859 860
514 1065 1068
515 91 99 546 665 791 873 890 979
516 177 201 210 325 423 551 619 620 628 632 673 718 819 933
517 201 551 620 628 673
518 495 704
519 335 397 402 606 685
520 383
521 322 853
522 94
523 101 113 495
524 12
525 697 698 781
526 393 813
527 393
528 238
529 393
530 177 210 325
531 365 484 488 613 792 898 1050 1057 1067
532 181 1053
533 78 393
534 127 373 735
535 391
536 75 79 90 92 93 130 224 265 305 313 335 371 391 431 464 494 665 686 835 913 943 975 1023 1044 1051 1068
537 91 99
538 91 99 546 791
539 101 113 495
540 91 99
541 203 335 591 685 726 1011 1041
542 356 487 803 819 911 983
543 147 267 371 495 786 1053 1060
544 12
545 133 343 348 426 495 813 941 1053
546 356 487 803 819
547 611
548 188
549 7 8 168 201 259 276 324 335 431 464 494 557 601 628 913 934 943 946
550 7 324
551 1068
552 208 209 264 370 625
553 181 744 879 1053 1061
554 755
555 393 714
556 109 335 384 392 396 422 495 534 776 912 955 1015
557 872
558 718 933
559 109 322 335 392 685 853
560 133 343 348 426 495 941
561 135 383 389 391 617 629 696 709 782 828 952 975 1004
562 611
563 62 202 259 335 422 450 457 465 467 495 525 557 601 685 702 826 934 1004 1033
564 393 714
565 109 335 345 360 384 392 395 396 422 495 534 612 685 688 776 824 912 955 1015 1039
566 393 714
567 543 756
568 12 393 394 429 714 823
569 85 91 99 100 127 195 251 327 335 373 423 735 737 746 819 918 1040
570 156 356 427 442 443 487 803 819
571 423 619 632 718 819 933
572 123 804
573 872
574 49 109 118 203 205 212 213 335 366 367 371 384 392 534 619 632 678 688 712 813 1011 1036 1053
575 49 243 495 877 1022
576 85 91 99 100 127 195 251 327 335 356 373 423 431 464 487 494 614 735 803 819 863 913 943 1040
577 1033
578 939
579 7 324
580 201 469 494 551 620 628 734 813 943 1053
581 42 98 134 333 421 487 495 787 813 1029 1053 1067
582 611
583 422
584 422
585 715 922
586 1033
587 939
588 255 540
589 393 714
590 393 714
591 178 335 416 417 602 606 665 685 873
592 178 335 416 417 602 606 685
593 1065 1068
594 107 891
595 395 824
596 1067
597 335 431 464 494 913 943
598 1033
599 172 179 595 668 881 928 980
600 830 841
601 58 233 1016
602 148 426 830 841 966 1067
603 85 91 99 100 127 195 251 327 335 373 423 735 737 746 819 918 1040
604 1067
605 561
606 422
607 422
608 561
609 172 179 595 668 881 928 980
610 1067
611 4 278 614 819 863 1004
612 1 245 1058
613 201 486 495 628 673 766 905 907 908 909
614 92 115 986
615 141 181 274 285 348 521 611 665 676 758 789 873 895 917 1033
616 420 800
617 91 99 543 688 756 767
618 766
619 100 227 237
620 1067
621 42 134 421 495 813 1029 1053
622 109 392
623 322 853
624 688 966 988 1001
625 91 99
626 812 944 1067
627 107 891
628 380 436 543 688 756 767
629 423 819
630 333 787
631 380 436
632 119 1043
633 91 99
634 197 230
635 119 1043
636 558 754
637 306 393 546
638 109 392 393 420 469 714 734 800
639 1 11 42 104 109 119 134 203 205 212 213 245 335 366 367 384 392 421 495 534 561 573 672 678 685 688 711 712 743 813 1029 1043 1053 1058
640 1033
641 175 644 871 890
642 91 99
643 106 176 238 274 364 495 789 925
644 197 230
645 393 714
646 393 825
647 792
648 94 217 426
649 109 335 392 393 469 685 714 734
650 657
651 709 975
652 611
653 819
654 495 704
655 0
656 238 341 611 792 1067
657 177
658 141 274 285 348 521 789
659 422
660 422 495
661 26 335 535 632
662 201 551 620 628
663 56 58 657 1016
664 137 724
665 709 975
666 129 144 193 196 307 369 382 422 426 510
667 255 540 543 688 756 767 787
668 460
669 255 540
670 370 681 777 778 993
671 202 207 254 266 475 581 598 608 1040
672 10 332 333 380 423 436 663 664 697 787 819
673 91 93 99 114 125 133 139 189 241 357 543 688 756 767 821 835 1067
674 141 274 285 348 521 789
675 181 274 611 758 789 895 917 1033
676 202 207 254 266 475 581 598 608 1040
677 141 274 285 348 521 789
678 1004
679 217
680 109 392 393 469 714 734
681 611
682 665
683 208 209 264 370 625
684 303 335 371 439 466 685 757 847
685 109 335 392 685
686 22 110
687 543 588 688 756 767 906 1034
688 297 587 616 721 863 914
689 22 110
690 426 454 838 911 966
691 49
692 863
693 150 155 359 364 387 454 611 624 629 667 688 696 919 1026
694 611
695 93 593 638
696 438 565
697 1033
698 109 392
699 99 180 594 623
700 114 966
701 124 654 655 851 940 941 1020
702 109 187 220 223 358 392 462 494 858 943 1019
703 35 54 185 186 470 584 812 941 944
704 839 849
705 35 54 185 186 372 423 470 584 812 941 944 1023 1053
706 66 335 606 685 864 923
707 221 388 422 495 691 704
708 25 44 60 72 77 109 133 143 162 203 279 280 291 297 335 374 392 393 399 445 448 457 471 483 508 516 559 578 606 607 630 633 642 649 662 685 701 714 726 727 739 796 820 826 837 850 863 882 893 933 958 969 990 1014 1031 1055
709 365 488 579 613 621 898 1067
710 819
711 395 824
712 586 866 1063
713 50 335 346 361 994
714 230 341 365 488 579 610 611 613 621 792 898 1067
715 663
716 1 245 819 1058
717 98 487 1067
718 787
719 84 274 364 495 569 789
720 495 704
721 121 711 829 845
722 1067
723 95 137 181 489 523 596 611 647 704 939 959 1061
724 114 121 163 260 270 421 438 565 588 590 665 711 829 845 873 892 906 945 1030 1036
725 57 59 216 228 323 337 422 480 490 495 527 560 802 836
726 49 118 203 371 813 1011 1053
727 91 99
728 2 49 50 106 109 118 147 156 176 177 203 205 212 213 267 335 341 346 361 366 367 371 384 392 400 427 442 443 474 495 501 534 570 611 619 622 629 632 678 688 696 712 764 786 792 799 811 813 819 839 849 925 994 1011 1036 1053 1060 1067 1068
729 99
730 9 14 50 68 86 88 114 257 335 345 539 685 731 804 862 936 972
731 247 885 932
732 306 393 546
733 216 228 480 802
734 422 495
735 681
736 49 145 256 309 435 475 741 973 1006 1040
737 10 19 50 65 89 92 99 135 180 195 203 259 335 377 383 389 391 404 546 557 594 617 623 629 684 685 687 696 782 813 817 819 828 893 952 1004 1011 1053 1067
738 19 50 89 92 99 135 180 195 203 335 383 389 391 594 617 623 684 685 782 813 828 893 952 1004 1011 1053
739 1067
740 124 654 655 851 940 941 1020
741 208 209 264 370 625
742 300 686 1041 1068
743 130 176 181 306 362 363 393 400 478 546 738 764 799 835 947 1022 1045 1052 1068
744 177
745 214
746 52 74 170 258 308 352 452 475 528 542 697 869 935 960 971 1005 1029 1053
747 73 475
748 91 99 819
749 393
750 127 373 735
751 335 431 464 494 913 943
752 300 686 1041 1068
753 614 863
754 66 67 456 543 688 756 767 923
755 66 67 456 543 688 756 767 923
756 818 819
757 29 109 130 232 304 335 392 685 874 890 892
758 818 819
759 371 422 495 496 704
760 114 124 260 421 546 665 873 892 1030 1036
761 537 674 714
762 278 614 863
763 211 782
764 1067
765 330 335 534 693 694 699
766 172 179 668 980
767 614 863
768 105 114 116 151 157 159 171 212 215 216 226 238 242 243 255 259 273 282 286 370 372 379 392 421 426 428 449 514 522 540 552 555 557 571 665 667 677 688 689 700 712 737 746 754 760 775 777 778 802 815 816 819 831 832 870 873 896 900 911 915 918 930 949 966 993 1018 1022 1023 1053
769 458 461 810 995
770 589 645
771 234 438 565 688
772 99 145 182 183 188 309 435 458 461 475 495 704 741 810 865 973 995 1006 1040
773 709 975
774 102 423 725 813
775 12
776 211 334 782 852
777 334 852
778 1067
779 1067
780 22 117 234 354 393 641 714 762 819 962 1024 1053
781 2 99 636 819 890
782 543 636 688 756 767 890
783 202 207 254 266 475 581 598 608 636 890 1040
784 543 636 688 756 767 890
785 422
786 330 335 534 693 694 699
787 835
788 92 114 115 256 320 790 805 806 835 893 986
789 114 256 805 806 893
790 114 256 805 806 893
791 109 392
792 589 645
793 370 777 778 993
794 221 422 495
795 642 903
796 636 890
797 10 377 404 546
798 234 688
799 202 207 254 266 475 543 552 555 581 598 608 688 756 767 915 930 1040
800 208 209 264 370 625
801 440 490 524 780 863
802 328
803 94 112 133 157 254 413 418 510 538 549 562 598 599 643 771 867 929 930 942 996 1040 1048
804 96 125 145 181 211 507 532 782 813 1051 1053 1061
805 543 688 756 767
806 469 734
807 636 890
808 112 120 335 534 599
809 359 364 688
810 697 781
811 109 123 392 804
812 388 422 691 704
813 561
814 552
815 109 221 335 339 344 388 392 393 397 402 422 469 495 546 691 697 698 704 714 734 776 781 836
816 388 422 691 704
817 114 256 359 364 688 805 806 893
818 27 109 114 218 243 364 383 392 393 411 423 494 495 497 498 499 506 611 640 713 714 807 880 888 943 976 1033 1034 1053
819 201 551 620 628 673
820 704 1053
821 7 16 324
822 114 256 805 806 893
823 7 16 324 588 906 1034
824 469 494 734 943
825 181 579 621 738 947
826 579 621
