10 281 289
11 189
15 62 350
19 76 287
47 430
50 290 446
54 77
56 267 268
58 15 72 137 181 209 482
62 42 43
64 3 14 24 193 294 459
98 388 419
113 290 446
138 478
195 487
198 271 302 349
199 27 175 189 223 273 432
203 350
216 360 373 449
222 360 373 449
224 189 287
234 3 14 24 80 129 154 298 318 363 454 458 459
238 30 80 154
244 105 106 108 180 204
252 19 309 425
255 144 145 146 290 446
258 189 193 287 294 363 454
260 6 170 181 203 219 225 272 326 369 384 393 446 447 455 479 487
263 42 43 189
275 71
277 369
278 124 136 137 177 189 301 401 405 408
304 32 46 75 82 99 155 157 201 232 260 286 292 343 355 358 391 400 403 417 438 465 468
306 15 27 87 137 181 209 221 226 432
309 196 207 293 334
335 190
343 72 251 482
351 25 278 280 325 369
359 203
363 251
365 9 170 180 225 377 430 469
378 27 148 204 394 432 463
382 287
387 290 446
399 270
404 123 195 231 258 265 273 324 350 430 456
405 360 373 449
456 129 298 318 458
469 139
482 1 65 66 209
484 170 189 287 369 487
495 9 170 225
502 40
517 21 189 287
537 251
541 1 65 66 209
548 139 190
563 144 145 146 446
567 416
601 180 251
602 369
606 360 373 449
618 123
631 15 137 181 189 209
634 1 9 65 66 170 209 225 369 388 409 419 488
653 49 385 409
658 252 287
676 427
678 94
680 387 437
690 287
733 238
745 180
746 189
784 180
794 13 69 180 186 210 274 275 321 323
795 278 280
799 8
802 40 225 273 350 409
820 42 43
825 189 283
843 72 482
852 205 389 390 432
856 27 432
859 190
870 0 1 135 205 255 389 390 432 433
871 213 305 356 395
872 123
874 332
880 15 137 181 209
882 81 150 303
883 198 202 208 213 285 305 356 395 474
884 184 185 189 371 420
889 2
899 80 154
901 23 466
924 287 409
952 332 369
1004 475
1007 138
1016 267 268
1017 58 430
1021 290 446
1040 189
1044 251
1045 25 267 268
1048 487
1052 80 154
1056 27 290 432 446
1061 252 333 338
1062 203
1068 388 419
1069 86 93 122 126 242 248
1080 249
1093 196 207 293 334
1104 190 200
1137 40 254
1138 444
1149 189 282
1153 7 16 89 90 202 259 270 402 444 450 457 461
1168 223 273
1174 101
1179 440
1182 369
1201 148 181 225
1223 51 110
1224 27 87 92 189 369 432
1230 124 188 225 273
1266 40 73 74 129 298 318 363 398 454 458
1271 27 152 432
1282 189
1300 180
1316 72 482
1321 170 225
1362 180
1370 189 225 282 283
1378 189 282
1396 27 117 167 180 181 261 407 432 475 482
1408 163 164 165 252 369 487
1414 487
