0 1 2 3 10 15 16 17 18 20 23 29 34 39
1 1 2 3 10 15 16 17 18 23 29 34 39 1525
2 0
3 5 34 37
4 1 2 15 16 17 19 23 34
5 20
8 20
10 281 289
11 189
13 1 2 3 10 15 16 17 18 23 29 34 39
14 0
15 0 62 350
17 0
18 0 24 34
19 0 1 2 3 10 15 16 17 18 23 29 34 76 287
20 0
23 12
25 4
27 12
29 20
30 5 34 37
33 0
34 12
36 0
42 0 4 20
43 1 2 3 10 15 16 17 18 23 29 34
46 12
47 0 430
48 1 2 3 10 15 16 17 18 23 29 34
50 25 30 290 446
51 0 4
54 0 4 20 34 35 77
56 20 267 268
57 0 12
58 0 4 15 72 137 181 209 482
59 20 25
60 0 33
61 0
62 42 43
64 3 14 24 193 294 459
65 0 12
66 0
69 1 2 3 10 15 16 17 18 23 29 34
72 1 2 3 10 15 16 17 18 23 29 34
74 1 2 3 10 15 16 17 18 23 29 34
75 1 2 3 10 15 16 17 18 23 29 34
77 1 2 3 10 15 16 17 18 20 23 29 34
78 0
82 1 2 15 16 17 19 23 34
83 1 2 3 10 15 16 17 18 20 23 29 34
85 0
86 0 20
87 20
92 20
96 20
98 0 388 419
102 0 12
103 20
106 20
107 0
109 0
110 0
113 290 446
114 0 27
115 5 9 26 27
117 12
118 5 34 37
119 0
122 1 2 3 10 15 16 17 18 23 29 34
124 30
126 31
127 0
128 0
129 0
132 4
134 0
135 1 2 3 10 15 16 17 18 23 29 34
136 12
138 478
141 1 2 3 10 15 16 17 18 23 29 34
146 5 24 26
147 20
149 31
150 0
151 9 27
152 0 30
154 1 2 3 10 11 15 16 17 18 23 29 34
156 20 22 34 36
158 12 20
159 20
160 0
162 20
163 0
164 12
165 0
166 0
167 0
169 0
172 0 20
173 0
174 0 20
175 20
176 0
177 0
178 0
179 20
180 20
182 20
183 12
184 5
185 5
190 0
193 1 2 3 10 15 16 17 18 23 29 34
194 0 12 20
195 487
198 23 25 30 32 271 302 349
199 0 20 27 175 189 223 273 432
201 0
203 11 350
205 0 12 20
206 0
207 11
212 0
213 24 26
214 26
216 0 360 373 449
217 0
222 360 373 449
223 0 26
224 20 21 28 189 287
225 0
228 20
229 20
230 1 2 3 10 15 16 17 18 23 29 34
231 0
232 0
233 11
234 3 14 24 80 129 154 298 318 363 454 458 459
235 0
236 0
238 30 80 154
239 0
240 0
242 0
244 0 105 106 108 180 204
248 34 36
249 34 36
250 34 35 36
251 34 35 36
252 0 19 309 425
254 12 20
255 144 145 146 290 446
257 0 4
258 4 5 9 27 189 193 287 294 363 454
259 20
260 6 11 170 181 203 219 225 272 326 369 384 393 446 447 455 479 487
261 0
263 42 43 189
265 0
266 0
268 0
270 11
272 0
275 0 20 71
276 0 4
277 0 369
278 124 136 137 177 189 301 401 405 408
279 0
280 1 2 3 10 15 16 17 18 23 29 34
282 0 12
283 0 4
285 20
287 0
293 20
296 1 2 3 10 15 16 17 18 23 29 34 39
297 12 20
299 33
302 0
303 0
304 32 46 75 82 99 155 157 201 232 260 286 292 343 355 358 391 400 403 417 438 465 468
305 12
306 15 20 27 30 87 137 181 209 221 226 432
307 0
308 0
309 12 196 207 293 334
310 1 2 3 10 15 16 17 18 23 29 34
311 1 2 3 10 15 16 17 18 23 29 34
312 12 20
314 20
315 20
316 12
317 1 2 3 10 15 16 17 18 23 29 34
318 0 1 2 3 10 15 16 17 18 23 29 34
322 0
323 24
325 24
326 1 2 3 10 15 16 17 18 23 29 34
327 0
329 31
332 12 20
335 190
336 1 2 3 10 15 16 17 18 23 29 34
337 20
341 9 27
342 5 34 37
343 0 4 72 251 482
344 1 2 3 10 15 16 17 18 23 29 34
346 1 2 3 10 15 16 17 18 23 29 34
347 0
350 0
351 0 25 278 280 325 369
352 0
353 0
356 0
357 1 2 3 10 15 16 17 18 23 29 34
359 203
360 0
362 0
363 0 251
364 0
365 0 9 170 180 225 377 430 469
366 30
368 1 2 15 16 17 19 23 34
369 0
370 0
371 20
374 0
375 0
376 0
377 13
378 5 13 27 30 148 204 394 432 463
379 0
380 20
382 25 287
383 0
386 1 2 3 10 15 16 17 18 23 29 34
387 0 290 446
388 0
389 1 2 3 8 10 12 15 16 17 18 23 29 34
390 0 12
391 0
392 0
393 1 2 3 10 15 16 17 18 23 29 34
394 20
395 20
397 12
399 0 270
401 0
402 0
403 26
404 20 123 195 231 258 265 273 324 350 430 456
405 5 27 360 373 449
406 0
407 0
408 12 20
410 1 2 3 10 15 16 17 18 23 29 34
413 0
418 12
419 1 2 3 10 15 16 17 18 23 29 34
420 1 2 3 10 15 16 17 18 23 29 34
421 0
424 12
425 5 34 37
426 20
427 12
428 7 12 20
429 12 20
430 34
431 0
435 23 25 30
436 20
437 20
438 1 2 3 10 15 16 17 18 23 29 34
441 20
444 20 21
445 34
446 1 2 3 10 15 16 17 18 23 29 34
448 1 2 3 10 15 16 17 18 23 29 34
450 12 20
453 20
454 0
455 0
456 20 129 298 318 458
457 24
458 0
459 0
462 0
463 20
465 20
466 20
467 20
468 9 27
469 0 20 139
471 0 12
475 0
478 0
480 1 2 3 10 15 16 17 18 23 29 34
482 0 1 65 66 209
483 0 4 34
484 20 170 189 287 369 487
487 20 1455 1459 1473 1489 1501 1559 1562 1564 1566 1567 1570 1571 1572 1608 1613 1614 1618 1637 1641
488 0
489 20 31 1455 1459 1473 1489 1501 1559 1562 1564 1566 1567 1570 1571 1572 1608 1613 1614 1618 1637 1641
491 1525
492 1525
493 715 1425 1457 1482 1485 1488 1491 1492 1494 1502 1505 1506 1525 1529 1530 1531 1538 1557 1559 1561 1562 1564 1565 1566 1567 1568 1570 1571 1572 1574 1575 1581 1597 1602 1614 1616 1618 1625 1632 1633 1638 1639 1640 1647 1648
494 476 1423 1429 1437 1439 1450 1472 1473 1474 1497 1498 1499 1502 1505 1525 1558 1573 1596 1598 1601 1614 1618 1646
495 249 653 658 761 1407 1441 1450 1473 1474 1482 1486 1487 1496 1502 1505 1515 1573 1585 1596 1598 1601 1614 1618 1633
496 1482 1501 1502 1505 1521 1559 1560 1566 1570 1571 1593 1594 1598 1608 1618 1639
497 1482 1501 1502 1505 1521 1559 1560 1566 1570 1571 1593 1594 1598 1608 1618 1639
498 476 1423 1424 1427 1429 1430 1437 1439 1450 1472 1478 1482 1491 1494 1497 1498 1499 1501 1502 1505 1509 1514 1519 1520 1521 1525 1530 1538 1544 1557 1558 1559 1560 1561 1562 1563 1564 1566 1567 1569 1570 1571 1572 1574 1577 1582 1597 1598 1604 1608 1614 1618 1628 1635 1637 1639 1643 1646
499 1525
500 476 1422 1429 1437 1441 1443 1450 1460 1467 1472 1476 1484 1486 1487 1495 1497 1501 1502 1510 1511 1512 1513 1515 1521 1538 1546 1557 1559 1561 1562 1563 1564 1566 1567 1569 1570 1571 1572 1574 1585 1598 1608 1612 1614 1618 1624 1627 1628 1639 1653
501 1450 1473 1474 1502 1505 1525 1573 1596 1598 1601 1614 1618
502 1525
503 1525
504 476 1450 1460 1501 1521 1538 1557 1559 1561 1562 1563 1564 1566 1567 1569 1570 1571 1572 1574 1598 1608 1614 1618 1628 1639
505 1481
506 1525
507 1455 1459 1473 1489 1501 1559 1562 1564 1566 1567 1570 1571 1572 1608 1613 1614 1618 1637 1641
508 1525
509 1482 1501 1502 1505 1521 1559 1560 1566 1570 1571 1593 1594 1598 1608 1618 1639
510 1482 1501 1502 1505 1521 1559 1560 1566 1570 1571 1593 1594 1598 1608 1618 1639
511 476 1422 1429 1437 1443 1450 1460 1467 1472 1476 1484 1495 1497 1501 1502 1510 1511 1512 1513 1521 1538 1546 1557 1559 1561 1562 1563 1564 1566 1567 1569 1570 1571 1572 1574 1585 1598 1608 1612 1614 1618 1624 1627 1628 1639 1653
512 476 761 1427 1430 1438 1441 1450 1464 1466 1475 1481 1482 1486 1487 1501 1502 1505 1515 1519 1520 1525 1544 1546 1562 1567 1592 1598 1601 1604 1608 1614 1618 1631 1633 1637 1639 1643
513 1525
514 658 1525
515 1482 1501 1502 1505 1521 1559 1560 1566 1570 1571 1593 1594 1598 1608 1618 1639
516 1482 1649
517 1482 1501 1502 1505 1521 1559 1560 1566 1570 1571 1593 1594 1598 1608 1618
518 1525
519 1525
520 1450 1481 1482 1501 1502 1505 1521 1525 1559 1560 1562 1566 1570 1571 1593 1594 1598 1608 1614 1618 1633 1637 1639
521 1525
522 1450 1473 1474 1502 1505 1573 1596 1598 1601 1614 1618
523 1482 1501 1502 1505 1521 1525 1559 1560 1566 1570 1571 1593 1594 1598 1608 1618 1639
524 476 1423 1424 1429 1437 1439 1450 1472 1473 1474 1482 1494 1497 1498 1499 1501 1502 1505 1509 1521 1558 1559 1560 1561 1562 1566 1570 1571 1573 1582 1593 1594 1596 1597 1598 1601 1608 1614 1618 1639 1646
525 476 1423 1424 1429 1437 1439 1472 1494 1497 1498 1499 1502 1505 1509 1525 1558 1561 1562 1582 1597 1598 1618 1646
526 1450 1473 1474 1482 1501 1502 1505 1521 1559 1560 1566 1570 1571 1573 1593 1594 1596 1598 1601 1608 1614 1618 1639
527 1525
528 1525
529 1525
530 1481
531 1639
532 476 1422 1429 1437 1443 1450 1460 1467 1472 1476 1482 1484 1495 1497 1501 1502 1505 1510 1511 1512 1513 1521 1538 1546 1557 1559 1560 1561 1562 1563 1564 1566 1567 1569 1570 1571 1572 1574 1585 1593 1594 1598 1608 1612 1614 1618 1624 1627 1628 1639 1653
533 1525
534 476 1422 1429 1437 1443 1450 1460 1467 1472 1476 1482 1484 1495 1497 1501 1502 1505 1510 1511 1512 1513 1521 1538 1546 1557 1559 1560 1561 1562 1563 1564 1566 1567 1569 1570 1571 1572 1574 1585 1593 1594 1598 1608 1612 1614 1618 1624 1627 1628 1639 1653
535 1525
536 1482 1501 1502 1505 1521 1525 1559 1560 1566 1570 1571 1593 1594 1598 1608 1618 1639
537 1482 1501 1502 1505 1521 1559 1560 1566 1570 1571 1593 1594 1598 1608 1618 1639
538 1482 1501 1502 1505 1521 1559 1560 1566 1570 1571 1593 1594 1598 1608 1618 1639
539 476 1426 1427 1430 1433 1441 1450 1460 1481 1482 1486 1487 1501 1502 1504 1505 1507 1515 1519 1520 1521 1538 1544 1557 1559 1560 1561 1562 1564 1566 1567 1570 1571 1572 1574 1593 1594 1598 1604 1608 1614 1615 1618 1628 1633 1637 1639 1643
540 1482 1501 1502 1505 1521 1559 1560 1566 1570 1571 1593 1594 1598 1608 1618 1639
541 476 1423 1429 1437 1439 1450 1472 1473 1474 1497 1498 1499 1502 1505 1558 1573 1596 1598 1601 1614 1618 1646
542 1482 1501 1502 1505 1521 1559 1560 1566 1570 1571 1593 1594 1598 1608 1618 1639
543 1482 1501 1502 1505 1521 1559 1560 1566 1570 1571 1593 1594 1598 1608 1618
544 1482 1501 1502 1505 1521 1559 1560 1566 1570 1571 1593 1594 1598 1608 1618 1639
545 1525
546 761 1450 1482 1491 1521 1530 1560 1566 1572 1598 1608 1614 1618
547 1525
548 1525
549 1525
550 1525
551 476 1422 1429 1437 1443 1450 1460 1467 1472 1476 1484 1495 1497 1501 1502 1510 1511 1512 1513 1521 1538 1546 1557 1559 1561 1562 1563 1564 1566 1567 1569 1570 1571 1572 1574 1585 1598 1608 1612 1614 1618 1624 1627 1628 1639 1653
552 658 761 1450 1474 1482 1491 1501 1502 1505 1516 1521 1559 1560 1566 1570 1571 1593 1594 1596 1598 1608 1614 1618 1633 1637 1639
553 1525
554 1455 1459 1473 1489 1501 1559 1562 1564 1566 1567 1570 1571 1572 1608 1613 1614 1618 1637 1641
555 476 1422 1429 1437 1443 1450 1460 1467 1472 1476 1484 1495 1497 1501 1502 1510 1511 1512 1513 1521 1538 1546 1557 1559 1561 1562 1563 1564 1566 1567 1569 1570 1571 1572 1574 1585 1598 1608 1612 1614 1618 1624 1627 1628 1639 1653
556 476 1427 1430 1450 1482 1501 1502 1505 1519 1520 1521 1538 1544 1557 1559 1560 1563 1566 1569 1570 1571 1572 1574 1593 1594 1598 1604 1608 1614 1618 1639 1643
557 476 1423 1424 1429 1437 1439 1450 1472 1473 1474 1494 1497 1498 1499 1502 1505 1509 1558 1561 1562 1573 1582 1596 1597 1598 1601 1614 1618 1646
558 1482 1501 1502 1505 1521 1559 1560 1566 1570 1571 1593 1594 1598 1608 1618 1639
559 1482 1501 1502 1505 1521 1559 1560 1566 1570 1571 1593 1594 1598 1608 1618 1639
560 1525
561 1525
562 1525
563 1525
564 1525
565 1482 1501 1502 1505 1521 1525 1559 1560 1566 1570 1571 1593 1594 1598 1608 1618 1639
566 476 1423 1429 1437 1439 1472 1497 1498 1499 1502 1525 1558 1618 1646
567 1441 1444 1447 1450 1480 1482 1486 1487 1490 1501 1502 1504 1505 1513 1515 1521 1525 1526 1535 1536 1538 1550 1551 1557 1558 1559 1560 1563 1566 1570 1571 1572 1574 1584 1593 1594 1598 1608 1618 1622 1634 1639
568 1482 1501 1502 1505 1521 1559 1560 1566 1570 1571 1593 1594 1598 1608 1618 1639
569 1525
570 1525
571 1525
572 1482 1501 1502 1505 1521 1559 1560 1566 1570 1571 1593 1594 1598 1608 1618 1639
573 1482 1501 1502 1505 1521 1559 1560 1566 1570 1571 1593 1594 1598 1608 1618 1639
574 1482 1501 1502 1505 1521 1559 1560 1566 1570 1571 1593 1594 1598 1608 1618 1639
575 476 1423 1429 1437 1439 1444 1472 1480 1490 1497 1498 1499 1502 1504 1505 1525 1526 1535 1536 1550 1551 1558 1618 1622 1634 1646
576 1482
577 1525
578 476 1422 1429 1437 1443 1450 1460 1467 1472 1476 1484 1495 1497 1501 1502 1510 1511 1512 1513 1521 1538 1546 1557 1559 1561 1562 1563 1564 1566 1567 1569 1570 1571 1572 1574 1585 1598 1608 1612 1614 1618 1624 1627 1628 1639 1653
579 1482 1501 1502 1505 1521 1525 1559 1560 1566 1570 1571 1593 1594 1598 1608 1618 1639
580 249 653 658 761 1407 1441 1450 1473 1474 1482 1486 1487 1496 1502 1505 1515 1573 1585 1596 1598 1601 1614 1618 1633
581 476 1423 1424 1429 1437 1439 1442 1445 1450 1472 1473 1474 1482 1494 1497 1498 1499 1501 1502 1505 1509 1521 1525 1546 1557 1558 1559 1560 1561 1562 1564 1566 1567 1570 1571 1573 1582 1593 1594 1596 1597 1598 1601 1604 1608 1614 1618 1638 1639 1646
582 1525
583 1525
584 1525
585 476 1423 1429 1437 1439 1472 1497 1498 1499 1502 1525 1558 1618 1646
586 1525
587 1482 1501 1502 1505 1521 1559 1560 1566 1570 1571 1593 1594 1598 1608 1618 1639
588 1525
589 1525
590 1525
591 1525
592 476 1423 1424 1429 1437 1439 1472 1494 1497 1498 1499 1502 1505 1509 1558 1561 1562 1582 1597 1598 1618 1646
593 1482 1633
594 476 1423 1429 1437 1439 1472 1497 1498 1499 1502 1525 1558 1618 1646
595 1525
596 1525
597 1525
598 1455 1459 1473 1489 1501 1559 1562 1564 1566 1567 1570 1571 1572 1608 1613 1614 1618 1637 1641
599 1482 1501 1502 1505 1521 1559 1560 1566 1570 1571 1593 1594 1598 1608 1618 1639
600 476 1423 1429 1437 1439 1450 1472 1473 1474 1497 1498 1499 1502 1505 1525 1558 1573 1596 1598 1601 1614 1618 1646
601 476 1423 1424 1429 1437 1439 1440 1442 1445 1450 1455 1459 1472 1473 1474 1482 1489 1494 1497 1498 1499 1501 1502 1505 1517 1521 1546 1557 1558 1559 1560 1561 1562 1564 1566 1567 1570 1571 1572 1573 1582 1593 1594 1596 1598 1600 1601 1604 1608 1613 1614 1618 1637 1638 1639 1641 1646 1650 1651
602 1482 1501 1502 1505 1521 1559 1560 1566 1570 1571 1593 1594 1598 1608 1618 1639
603 476 1423 1429 1437 1439 1472 1497 1498 1499 1502 1525 1558 1618 1646
604 476 1423 1429 1437 1439 1450 1472 1473 1474 1497 1498 1499 1502 1505 1558 1573 1596 1598 1601 1614 1618 1646
605 1525
606 1525
607 1525
608 476 1423 1429 1437 1439 1472 1482 1497 1498 1499 1501 1502 1505 1521 1525 1558 1559 1560 1566 1570 1571 1593 1594 1598 1608 1618 1639 1646
609 1525
610 1525
611 476 1423 1424 1429 1437 1439 1450 1472 1473 1474 1482 1494 1497 1498 1499 1501 1502 1505 1509 1521 1558 1559 1560 1561 1562 1566 1570 1571 1573 1582 1593 1594 1596 1597 1598 1601 1608 1614 1618 1646
612 1525
613 1481 1482 1501 1502 1505 1521 1525 1559 1560 1566 1570 1571 1593 1594 1598 1608 1618
614 1482 1501 1502 1505 1521 1559 1560 1566 1570 1571 1593 1594 1598 1608 1618 1639
615 1525
616 476 1424 1440 1442 1445 1472 1482 1494 1501 1502 1505 1517 1521 1546 1559 1560 1561 1562 1566 1567 1570 1571 1582 1593 1594 1598 1604 1608 1618 1638 1650 1651
617 1482 1501 1502 1505 1521 1559 1560 1566 1570 1571 1593 1594 1598 1608 1618 1639
618 1525
619 1482 1501 1502 1505 1521 1559 1560 1566 1570 1571 1593 1594 1598 1608 1618 1639
620 1525
621 1525
622 476 658 1423 1429 1437 1439 1449 1450 1451 1472 1473 1474 1482 1497 1498 1499 1502 1505 1519 1542 1558 1560 1573 1581 1594 1596 1598 1601 1614 1618 1626 1633 1646
623 1525
624 1525
625 476 1422 1429 1437 1443 1450 1460 1467 1472 1476 1484 1495 1497 1501 1502 1510 1511 1512 1513 1521 1538 1546 1557 1559 1561 1562 1563 1564 1566 1567 1569 1570 1571 1572 1574 1585 1598 1608 1612 1614 1618 1624 1627 1628 1639 1653
626 1482 1501 1502 1505 1521 1559 1560 1566 1570 1571 1593 1594 1598 1608 1618 1639
627 1482 1501 1502 1505 1521 1559 1560 1566 1570 1571 1593 1594 1598 1608 1618 1639
628 1525
629 476 1423 1429 1437 1439 1450 1472 1473 1474 1497 1498 1499 1502 1505 1558 1573 1596 1598 1601 1614 1618 1646
630 1482 1501 1502 1505 1521 1559 1560 1566 1570 1571 1593 1594 1598 1608 1618 1639
631 1482 1501 1502 1505 1521 1559 1560 1566 1570 1571 1593 1594 1598 1608 1618 1639
632 1455 1459 1473 1489 1501 1559 1562 1564 1566 1567 1570 1571 1572 1608 1613 1614 1618 1637 1641
633 1525
634 1455 1459 1473 1489 1501 1559 1562 1564 1566 1567 1570 1571 1572 1608 1613 1614 1618 1637 1641
635 1482 1501 1502 1505 1521 1559 1560 1566 1570 1571 1593 1594 1598 1608 1618
636 476 1423 1429 1437 1439 1450 1472 1473 1474 1497 1498 1499 1502 1505 1558 1573 1596 1598 1601 1614 1618 1646
637 1525
638 1525
639 476 1423 1424 1429 1437 1439 1450 1472 1473 1474 1494 1497 1498 1499 1502 1505 1509 1525 1558 1561 1562 1573 1582 1596 1597 1598 1601 1614 1618 1646
640 1525
641 1525
642 1525
643 658 761 1450 1474 1482 1491 1502 1505 1516 1560 1596 1608 1614 1618 1633 1637 1639
644 476 1424 1440 1444 1472 1480 1482 1490 1494 1501 1502 1504 1505 1517 1521 1525 1526 1535 1536 1550 1551 1558 1559 1560 1561 1562 1566 1570 1571 1582 1593 1594 1598 1608 1618 1622 1634 1650 1651
645 1525
646 1525
647 476 1427 1430 1441 1450 1481 1482 1486 1487 1515 1519 1520 1525 1544 1562 1598 1604 1608 1614 1618 1633 1637 1643
648 476 1429 1437 1441 1450 1460 1476 1484 1486 1487 1495 1497 1501 1510 1515 1521 1538 1557 1559 1561 1562 1563 1564 1566 1567 1569 1570 1571 1572 1574 1598 1608 1614 1618 1624 1628 1639 1653
649 1525
650 1525
651 1482 1501 1502 1505 1521 1559 1560 1566 1570 1571 1593 1594 1598 1608 1618 1639
652 1525
653 1525
654 476 1501 1557 1561 1562 1566 1567 1570 1598 1608 1618 1637 1639
655 1441 1482 1486 1487 1501 1502 1505 1515 1521 1538 1557 1559 1560 1561 1562 1564 1566 1567 1570 1571 1572 1574 1593 1594 1598 1608 1615 1618
656 476 1423 1429 1437 1439 1450 1472 1473 1474 1497 1498 1499 1502 1505 1558 1573 1596 1598 1601 1614 1618 1646
657 1525
658 1482 1501 1502 1505 1521 1559 1560 1566 1570 1571 1593 1594 1598 1608 1618 1639
659 476 1423 1429 1437 1439 1450 1472 1473 1474 1497 1498 1499 1502 1505 1558 1573 1596 1598 1601 1614 1618 1646
660 1525
661 476 1423 1429 1437 1439 1472 1497 1498 1499 1502 1525 1558 1618 1646
662 1525
663 476 1422 1427 1429 1430 1437 1443 1450 1460 1467 1472 1476 1481 1482 1484 1495 1497 1501 1502 1510 1511 1512 1513 1519 1520 1521 1538 1544 1546 1557 1559 1561 1562 1563 1564 1566 1567 1569 1570 1571 1572 1574 1585 1598 1604 1608 1612 1614 1618 1624 1627 1628 1633 1637 1639 1643 1653
664 1525
665 1525
666 1441 1450 1482 1486 1487 1501 1502 1505 1515 1521 1538 1557 1559 1560 1563 1566 1569 1570 1571 1572 1574 1593 1594 1598 1608 1614 1618 1639
667 1482 1501 1502 1505 1521 1559 1560 1566 1570 1571 1593 1594 1598 1608 1618 1639
668 476 658 1525 1530 1554 1555 1556 1560 1585 1614 1618 1629 1632
669 1525
670 1482 1501 1502 1505 1521 1559 1560 1566 1570 1571 1593 1594 1598 1608 1618 1639
671 1525
672 476 1423 1429 1437 1439 1450 1472 1473 1474 1482 1497 1498 1499 1501 1502 1505 1521 1558 1559 1560 1566 1570 1571 1573 1593 1594 1596 1598 1601 1608 1614 1618 1639 1646
673 476 1423 1429 1437 1439 1472 1497 1498 1499 1502 1525 1558 1618 1646
674 476 1423 1429 1437 1439 1450 1472 1473 1474 1497 1498 1499 1502 1505 1558 1573 1596 1598 1601 1614 1618 1646
675 476 1422 1429 1437 1443 1450 1460 1467 1472 1476 1484 1495 1497 1501 1502 1510 1511 1512 1513 1521 1538 1546 1557 1559 1561 1562 1563 1564 1566 1567 1569 1570 1571 1572 1574 1585 1598 1608 1612 1614 1618 1624 1627 1628 1639 1653
676 476 1423 1424 1429 1437 1439 1450 1460 1472 1473 1474 1494 1497 1498 1499 1502 1505 1509 1525 1538 1557 1558 1559 1561 1562 1564 1566 1567 1570 1571 1572 1573 1582 1596 1597 1598 1601 1608 1614 1618 1628 1639 1646
677 1482 1501 1502 1505 1521 1559 1560 1566 1570 1571 1593 1594 1598 1608 1618 1639
678 1426 1473 1479 1482 1490 1501 1502 1505 1521 1538 1545 1557 1559 1560 1562 1566 1569 1570 1571 1572 1574 1576 1591 1593 1594 1598 1599 1603 1608 1618 1637 1639
679 1482
680 1525
681 1441 1450 1473 1474 1486 1487 1502 1505 1515 1573 1596 1598 1601 1614 1618
682 1482 1501 1502 1505 1521 1559 1560 1566 1570 1571 1593 1594 1598 1608 1618 1639
683 1482 1501 1502 1505 1521 1559 1560 1566 1570 1571 1593 1594 1598 1608 1618 1639
684 1482 1501 1502 1505 1521 1559 1560 1566 1570 1571 1593 1594 1598 1608 1618 1639
685 1482 1501 1502 1505 1521 1559 1560 1566 1570 1571 1593 1594 1598 1608 1618 1639
686 1482 1501 1502 1505 1521 1559 1560 1566 1570 1571 1593 1594 1598 1608 1618 1639
687 1482 1501 1502 1505 1521 1559 1560 1566 1570 1571 1593 1594 1598 1608 1618
688 1482 1501 1502 1505 1521 1559 1560 1566 1570 1571 1593 1594 1598 1608 1618 1639
689 1525
690 1525
691 476 1423 1429 1437 1439 1450 1472 1473 1474 1497 1498 1499 1502 1505 1558 1573 1596 1598 1601 1614 1618 1646
692 1525
693 1525
694 1433 1504 1507 1598 1608 1615 1637
695 1482 1501 1502 1505 1521 1559 1560 1566 1570 1571 1593 1594 1598 1608 1618 1639
696 1482 1501 1502 1505 1521 1559 1560 1566 1570 1571 1593 1594 1598 1608 1618 1639
697 1482 1501 1502 1505 1521 1559 1560 1566 1570 1571 1593 1594 1598 1608 1618 1639
698 1455 1459 1473 1489 1501 1559 1562 1564 1566 1567 1570 1571 1572 1608 1613 1614 1618 1637 1641
699 1482 1501 1502 1505 1521 1525 1559 1560 1566 1570 1571 1593 1594 1598 1608 1618 1639
700 1525
701 476 1423 1429 1437 1439 1450 1472 1473 1474 1497 1498 1499 1502 1505 1558 1573 1596 1598 1601 1614 1618 1646
702 1525
703 1455 1459 1473 1489 1501 1525 1559 1562 1564 1566 1567 1570 1571 1572 1608 1613 1614 1618 1637 1641
704 476 1422 1429 1437 1443 1450 1460 1467 1472 1476 1484 1495 1497 1501 1502 1510 1511 1512 1513 1521 1538 1546 1557 1559 1561 1562 1563 1564 1566 1567 1569 1570 1571 1572 1574 1585 1598 1608 1612 1614 1618 1624 1627 1628 1639 1653
705 1525
706 1525
707 1450 1482 1501 1502 1505 1521 1538 1557 1559 1560 1563 1566 1569 1570 1571 1572 1574 1593 1594 1598 1608 1614 1618 1639
708 1482 1501 1502 1505 1521 1559 1560 1566 1570 1571 1593 1594 1598 1608 1618 1639
709 1482 1501 1502 1505 1521 1559 1560 1566 1570 1571 1593 1594 1598 1608 1618 1639
710 476 1423 1429 1437 1439 1450 1472 1473 1474 1497 1498 1499 1502 1505 1525 1558 1573 1596 1598 1601 1614 1618 1646
711 385 476 658 761 1407 1428 1442 1449 1456 1471 1482 1485 1496 1500 1501 1502 1505 1506 1521 1522 1523 1527 1542 1543 1550 1553 1559 1560 1566 1568 1570 1571 1578 1581 1585 1586 1587 1590 1593 1594 1595 1596 1598 1607 1608 1614 1618 1623 1626 1633 1638 1639 1645
712 1525
713 1525
714 1455 1459 1473 1489 1501 1559 1562 1564 1566 1567 1570 1571 1572 1608 1613 1614 1618 1637 1641
715 476 658 761 1424 1425 1440 1441 1442 1445 1450 1461 1462 1463 1472 1474 1482 1486 1487 1491 1494 1501 1502 1505 1515 1516 1517 1521 1546 1559 1560 1561 1562 1566 1567 1570 1571 1582 1593 1594 1596 1598 1604 1608 1614 1618 1633 1637 1638 1639 1650 1651
716 1525
717 1525
718 476 1423 1429 1437 1439 1472 1497 1498 1499 1502 1558 1618 1646
719 1482 1501 1502 1505 1521 1525 1559 1560 1566 1570 1571 1593 1594 1598 1608 1618 1639
720 476 1422 1429 1437 1443 1450 1460 1467 1472 1476 1484 1495 1497 1501 1502 1510 1511 1512 1513 1521 1525 1538 1546 1557 1559 1561 1562 1563 1564 1566 1567 1569 1570 1571 1572 1574 1585 1598 1608 1612 1614 1618 1624 1627 1628 1639 1653
721 476 1423 1424 1429 1437 1439 1450 1472 1473 1474 1494 1497 1498 1499 1502 1505 1509 1558 1561 1562 1573 1582 1596 1597 1598 1601 1614 1618 1646
722 249 653 658 761 1407 1450 1482 1496 1585 1618 1633
723 476 1422 1429 1437 1443 1450 1460 1467 1472 1476 1484 1495 1497 1501 1502 1510 1511 1512 1513 1521 1538 1546 1557 1559 1561 1562 1563 1564 1566 1567 1569 1570 1571 1572 1574 1585 1598 1608 1612 1614 1618 1624 1627 1628 1639 1653
724 1482 1501 1502 1505 1521 1525 1559 1560 1566 1570 1571 1593 1594 1598 1608 1618 1639
725 476 1423 1424 1429 1437 1439 1450 1472 1473 1474 1494 1497 1498 1499 1502 1505 1509 1525 1558 1561 1562 1573 1582 1596 1597 1598 1601 1614 1618 1646
726 1525
727 1525
728 1441 1447 1450 1486 1487 1501 1513 1515 1521 1525 1538 1557 1559 1563 1566 1570 1571 1572 1574 1584 1598 1618
729 476 1423 1429 1437 1439 1450 1472 1473 1474 1497 1498 1499 1502 1505 1525 1558 1573 1596 1598 1601 1614 1618 1646
730 1482 1501 1502 1505 1521 1559 1560 1566 1570 1571 1593 1594 1598 1608 1618 1639
731 1525
732 761 1450 1473 1474 1482 1501 1502 1505 1525 1546 1573 1596 1598 1601 1604 1608 1614 1618 1631
733 1525
734 476 1423 1429 1437 1439 1472 1482 1497 1498 1499 1501 1502 1505 1521 1558 1559 1560 1566 1570 1571 1593 1594 1598 1608 1618 1639 1646
735 476 1423 1424 1429 1437 1439 1472 1494 1497 1498 1499 1502 1505 1509 1558 1561 1562 1582 1597 1598 1618 1646
736 476 1423 1429 1437 1439 1450 1472 1473 1474 1497 1498 1499 1502 1505 1558 1573 1596 1598 1601 1614 1618 1646
737 1482 1501 1502 1505 1521 1559 1560 1566 1570 1571 1593 1594 1598 1608 1618 1639
738 476 658 1384 1407 1423 1424 1425 1427 1429 1430 1431 1432 1434 1435 1436 1437 1439 1450 1460 1472 1478 1482 1491 1494 1497 1498 1499 1501 1502 1505 1509 1514 1519 1520 1521 1525 1530 1537 1538 1544 1552 1557 1558 1559 1560 1561 1562 1563 1564 1566 1567 1569 1570 1571 1572 1574 1577 1581 1582 1596 1597 1598 1604 1608 1614 1618 1628 1629 1632 1633 1635 1637 1639 1643 1646
739 476 1423 1424 1427 1429 1430 1437 1439 1441 1450 1472 1478 1482 1486 1487 1494 1497 1498 1499 1501 1502 1505 1509 1515 1519 1520 1521 1525 1530 1538 1544 1557 1558 1559 1560 1561 1562 1563 1566 1569 1570 1571 1572 1574 1582 1597 1598 1604 1608 1614 1618 1637 1643 1646
740 476 658 1407 1423 1424 1427 1429 1430 1437 1439 1450 1472 1478 1482 1494 1497 1498 1499 1501 1502 1505 1509 1519 1520 1521 1525 1530 1538 1544 1552 1557 1558 1559 1560 1561 1562 1563 1566 1569 1570 1571 1572 1574 1581 1582 1596 1597 1598 1604 1608 1614 1618 1629 1632 1633 1637 1643 1646
741 1525
742 1525
743 1525
744 476 1423 1429 1437 1439 1460 1472 1497 1498 1499 1502 1525 1538 1557 1558 1559 1561 1562 1564 1566 1567 1570 1571 1572 1608 1614 1618 1628 1639 1646
745 476 1429 1437 1441 1450 1460 1476 1484 1486 1487 1495 1497 1501 1510 1515 1521 1538 1557 1559 1561 1562 1563 1564 1566 1567 1569 1570 1571 1572 1574 1598 1608 1614 1618 1624 1628 1639 1653
746 1525
747 1525
748 476 1422 1429 1437 1443 1450 1460 1467 1472 1476 1484 1495 1497 1501 1502 1510 1511 1512 1513 1521 1538 1546 1557 1559 1561 1562 1563 1564 1566 1567 1569 1570 1571 1572 1574 1585 1598 1608 1612 1614 1618 1624 1627 1628 1639 1653
749 249 653 658 761 1407 1450 1473 1474 1482 1496 1502 1505 1525 1573 1585 1596 1598 1601 1614 1618 1633
750 1525
751 1525
752 1482 1501 1502 1505 1521 1525 1559 1560 1566 1570 1571 1593 1594 1598 1608 1618 1639
753 1482 1501 1502 1505 1521 1559 1560 1566 1570 1571 1593 1594 1598 1608 1618 1639
754 476 1460 1525 1538 1557 1559 1561 1562 1564 1566 1567 1570 1571 1572 1608 1614 1618 1628 1639
755 1482 1501 1502 1505 1521 1559 1560 1566 1570 1571 1593 1594 1598 1608 1618 1639
756 1482 1501 1502 1505 1521 1525 1559 1560 1566 1570 1571 1593 1594 1598 1608 1618 1639
757 476 1423 1429 1437 1439 1450 1472 1473 1474 1482 1497 1498 1499 1501 1502 1505 1521 1558 1559 1560 1566 1570 1571 1573 1593 1594 1596 1598 1601 1608 1614 1618 1639 1646
758 1525
759 1525
760 476 1423 1429 1437 1439 1450 1472 1473 1474 1482 1497 1498 1499 1501 1502 1505 1521 1525 1558 1559 1560 1566 1570 1571 1573 1593 1594 1596 1598 1601 1608 1614 1618 1639 1646
761 1649
762 1525
763 1481
764 476 1423 1424 1429 1437 1439 1472 1494 1497 1498 1499 1502 1505 1509 1558 1561 1562 1582 1597 1598 1618 1646
765 1482 1501 1502 1505 1521 1559 1560 1566 1570 1571 1593 1594 1598 1608 1618 1639
766 1482 1501 1502 1505 1521 1559 1560 1566 1570 1571 1593 1594 1598 1608 1618 1639
767 1425 1450 1482 1485 1491 1501 1502 1505 1508 1521 1525 1529 1530 1531 1534 1557 1559 1566 1570 1571 1572 1581 1583 1598 1608 1614 1618 1632 1633 1637 1639
768 476 1423 1426 1429 1437 1439 1450 1472 1473 1474 1490 1497 1498 1499 1501 1502 1505 1521 1525 1538 1557 1558 1559 1561 1562 1563 1564 1566 1567 1569 1570 1571 1572 1573 1574 1576 1591 1596 1598 1601 1608 1614 1618 1637 1639 1644 1646
769 476 1423 1429 1437 1439 1450 1472 1473 1474 1482 1497 1498 1499 1501 1502 1505 1521 1558 1559 1560 1566 1570 1571 1573 1593 1594 1596 1598 1601 1608 1614 1618 1639 1646
770 1482 1501 1502 1505 1521 1559 1560 1566 1570 1571 1593 1594 1598 1608 1618 1639
771 1482 1501 1502 1505 1521 1559 1560 1566 1570 1571 1593 1594 1598 1608 1618 1639
772 1525
773 1482 1501 1502 1505 1521 1525 1559 1560 1566 1570 1571 1593 1594 1598 1608 1618 1639
774 1525
775 1482 1501 1502 1505 1521 1559 1560 1566 1570 1571 1593 1594 1598 1608 1618 1639
776 1482 1501 1502 1505 1521 1559 1560 1566 1570 1571 1593 1594 1598 1608 1618 1639
777 1525
778 1441 1450 1473 1474 1486 1487 1502 1505 1515 1573 1596 1598 1601 1614 1618
779 1639
780 1525
781 476 1422 1429 1437 1443 1450 1460 1467 1472 1476 1482 1484 1495 1497 1501 1502 1505 1510 1511 1512 1513 1521 1525 1538 1546 1557 1559 1560 1561 1562 1563 1564 1566 1567 1569 1570 1571 1572 1574 1585 1593 1594 1598 1608 1612 1614 1618 1624 1627 1628 1639 1653
782 1482 1501 1502 1505 1521 1559 1560 1566 1570 1571 1593 1594 1598 1608 1618 1639
783 1525
784 1525
785 1473 1490 1501 1521 1525 1562 1566 1570 1571 1572 1574 1576 1591 1598 1608 1637
786 658 1482 1501 1502 1505 1521 1559 1560 1566 1570 1571 1593 1594 1598 1608 1618 1639
787 249 653 658 761 1407 1441 1450 1473 1474 1482 1486 1487 1496 1502 1505 1515 1573 1585 1596 1598 1601 1614 1618 1633
788 1481 1633
789 1525
790 249 653 658 761 1407 1450 1482 1496 1525 1585 1618 1633
791 1525
792 1482 1501 1502 1505 1521 1559 1560 1566 1570 1571 1593 1594 1598 1608 1618 1639
793 476 1423 1429 1437 1439 1450 1472 1473 1474 1482 1497 1498 1499 1502 1505 1509 1538 1558 1559 1561 1562 1566 1571 1573 1577 1596 1598 1601 1608 1614 1618 1626 1637 1646
794 1525
795 1482 1501 1502 1505 1521 1559 1560 1566 1570 1571 1593 1594 1598 1608 1618 1639
796 476 1423 1424 1429 1437 1439 1444 1472 1480 1482 1490 1494 1497 1498 1499 1501 1502 1504 1505 1509 1521 1525 1526 1535 1536 1550 1551 1558 1559 1560 1561 1562 1566 1570 1571 1582 1593 1594 1597 1598 1608 1618 1622 1634 1646
797 1482 1501 1502 1505 1521 1559 1560 1566 1570 1571 1593 1594 1598 1608 1618 1639
798 1525
799 1482 1501 1502 1505 1521 1559 1560 1566 1570 1571 1593 1594 1598 1608 1618 1639
800 1525
801 1525
802 1525
803 1525
804 1525
805 1525
806 1525
807 1525
808 1525
809 1525
810 476 1423 1429 1437 1439 1450 1472 1473 1474 1497 1498 1499 1502 1505 1525 1558 1573 1596 1598 1601 1614 1618 1646
811 476 1423 1429 1437 1439 1450 1472 1473 1474 1497 1498 1499 1502 1505 1558 1573 1596 1598 1601 1614 1618 1646
812 1525
813 476 658 1407 1427 1430 1441 1450 1460 1478 1482 1486 1487 1501 1515 1519 1520 1521 1525 1530 1538 1544 1552 1557 1559 1560 1561 1562 1563 1564 1566 1567 1569 1570 1571 1572 1574 1581 1596 1598 1604 1608 1614 1618 1628 1629 1632 1633 1637 1639 1643
814 476 1423 1429 1437 1439 1472 1497 1498 1499 1502 1525 1558 1618 1646
815 1525
816 1525
817 1441 1450 1455 1459 1473 1481 1486 1487 1489 1501 1515 1521 1525 1538 1557 1559 1562 1563 1564 1566 1567 1569 1570 1571 1572 1574 1598 1608 1613 1614 1618 1637 1641
818 1525
819 1525
820 1450 1473 1474 1502 1505 1525 1573 1596 1598 1601 1614 1618
821 1482 1501 1502 1505 1521 1559 1560 1566 1570 1571 1593 1594 1598 1608 1618 1639
822 1525
823 476 1423 1429 1437 1439 1450 1472 1473 1474 1497 1498 1499 1502 1505 1525 1558 1573 1596 1598 1601 1614 1618 1646
824 476 1423 1429 1437 1439 1472 1497 1498 1499 1502 1525 1558 1618 1646
825 1450 1473 1474 1502 1505 1525 1573 1596 1598 1601 1614 1618
826 476 1423 1424 1429 1437 1439 1472 1494 1497 1498 1499 1502 1505 1509 1525 1558 1561 1562 1582 1597 1598 1618 1646
827 1455 1459 1473 1489 1501 1559 1562 1564 1566 1567 1570 1571 1572 1608 1613 1614 1618 1637 1641
828 1525
829 476 1423 1424 1429 1437 1439 1450 1472 1473 1474 1494 1497 1498 1499 1502 1505 1509 1558 1561 1562 1573 1582 1596 1597 1598 1601 1614 1618 1646
830 476 1460 1482 1501 1502 1505 1521 1538 1557 1559 1560 1561 1562 1564 1566 1567 1570 1571 1572 1593 1594 1598 1608 1614 1618 1628 1639
831 1482 1501 1502 1505 1521 1559 1560 1566 1570 1571 1593 1594 1598 1608 1618 1639
832 1482 1501 1502 1505 1521 1559 1560 1566 1570 1571 1593 1594 1598 1608 1618 1639
833 1525
834 1525
835 476 1423 1425 1429 1437 1439 1450 1472 1482 1485 1491 1497 1498 1499 1501 1502 1505 1508 1521 1525 1529 1530 1531 1534 1557 1558 1559 1566 1570 1571 1572 1581 1583 1598 1608 1614 1618 1632 1633 1637 1639 1646
836 476 1423 1429 1437 1439 1450 1472 1473 1474 1497 1498 1499 1502 1505 1558 1573 1596 1598 1601 1614 1618 1646
837 249 653 658 761 1407 1441 1450 1473 1474 1482 1486 1487 1496 1502 1505 1515 1573 1585 1596 1598 1601 1614 1618 1633
838 1525
839 1441 1486 1487 1515 1525
840 1482 1501 1502 1505 1521 1559 1560 1566 1570 1571 1593 1594 1598 1608 1618 1639
841 1525
842 1525
843 1450 1473 1474 1502 1505 1525 1573 1596 1598 1601 1614 1618
844 1525
845 1525
846 1482 1501 1502 1505 1521 1559 1560 1566 1570 1571 1593 1594 1598 1608 1618
847 476 1423 1424 1429 1437 1439 1472 1494 1497 1498 1499 1502 1505 1509 1558 1561 1562 1582 1597 1598 1618 1646
848 1525
849 476 1423 1429 1437 1439 1450 1472 1473 1474 1497 1498 1499 1502 1505 1525 1558 1573 1596 1598 1601 1614 1618 1646
850 476 1423 1429 1437 1439 1450 1472 1473 1474 1497 1498 1499 1502 1505 1558 1573 1596 1598 1601 1614 1618 1646
851 1482 1501 1502 1505 1521 1559 1560 1566 1570 1571 1593 1594 1598 1608 1618 1639
852 1525
853 1482 1501 1502 1505 1521 1559 1560 1566 1570 1571 1593 1594 1598 1608 1618 1639
854 1525
855 476 1423 1429 1437 1439 1450 1472 1473 1474 1482 1497 1498 1499 1501 1502 1505 1521 1525 1538 1557 1558 1559 1560 1563 1566 1569 1570 1571 1572 1573 1574 1593 1594 1596 1598 1601 1608 1614 1618 1639 1646
856 1482 1501 1502 1505 1521 1559 1560 1566 1570 1571 1593 1594 1598 1608 1618 1639
857 1525
858 1482 1501 1502 1505 1521 1559 1560 1566 1570 1571 1593 1594 1598 1608 1618 1639
859 1482 1501 1502 1505 1521 1559 1560 1566 1570 1571 1593 1594 1598 1608 1618 1639
860 1525
861 476 1423 1429 1437 1439 1450 1472 1473 1474 1497 1498 1499 1502 1505 1558 1573 1596 1598 1601 1614 1618 1646
862 1525
863 1525
864 1525
865 1525
866 1525
867 1482 1501 1502 1505 1521 1559 1560 1566 1570 1571 1593 1594 1598 1608 1618 1639
868 1525
869 1525
870 476 1423 1429 1437 1439 1450 1472 1473 1474 1497 1498 1499 1502 1505 1525 1558 1573 1596 1598 1601 1614 1618 1646
871 1525
872 1450 1473 1474 1502 1505 1525 1573 1596 1598 1601 1614 1618
873 1525
874 1525
875 1525
876 1450 1473 1474 1482 1501 1502 1505 1521 1559 1560 1566 1570 1571 1573 1593 1594 1596 1598 1601 1608 1614 1618 1639
877 1482 1501 1502 1505 1521 1559 1560 1566 1570 1571 1593 1594 1598 1608 1618 1639
878 1525
879 476 1423 1424 1429 1437 1439 1472 1494 1497 1498 1499 1502 1505 1509 1558 1561 1562 1582 1597 1598 1618 1646
880 1425 1450 1482 1485 1491 1501 1502 1505 1508 1521 1525 1529 1530 1531 1534 1557 1559 1566 1570 1571 1572 1581 1583 1598 1608 1614 1618 1632 1633 1637 1639
881 476 1423 1429 1437 1439 1472 1497 1498 1499 1502 1525 1558 1618 1646
882 1482 1501 1502 1505 1521 1559 1560 1566 1570 1571 1593 1594 1598 1608 1618 1639
883 1482 1501 1502 1505 1521 1559 1560 1566 1570 1571 1593 1594 1598 1608 1618 1639
884 1525
885 1525
886 1525
887 249 653 658 761 1407 1441 1450 1473 1474 1482 1486 1487 1496 1502 1505 1515 1573 1585 1596 1598 1601 1614 1618 1633
888 1525
889 1482 1501 1502 1505 1521 1559 1560 1566 1570 1571 1593 1594 1598 1608 1618 1639
890 715 1425 1441 1457 1473 1482 1485 1486 1487 1488 1490 1491 1492 1494 1501 1502 1505 1506 1515 1521 1525 1529 1530 1531 1538 1557 1559 1561 1562 1564 1565 1566 1567 1568 1570 1571 1572 1574 1575 1576 1581 1591 1597 1598 1602 1608 1614 1616 1618 1625 1632 1633 1637 1638 1639 1640 1647 1648
891 1525
892 476 1429 1437 1441 1450 1460 1476 1484 1486 1487 1495 1497 1501 1510 1515 1521 1538 1557 1559 1561 1562 1563 1564 1566 1567 1569 1570 1571 1572 1574 1598 1608 1614 1618 1624 1628 1639 1653
893 476 1423 1424 1429 1437 1439 1450 1472 1473 1474 1494 1497 1498 1499 1502 1505 1509 1525 1558 1561 1562 1573 1582 1596 1597 1598 1601 1614 1618 1646
894 476 1422 1429 1437 1443 1450 1460 1467 1472 1476 1482 1484 1495 1497 1501 1502 1505 1510 1511 1512 1513 1521 1538 1546 1557 1559 1560 1561 1562 1563 1564 1566 1567 1569 1570 1571 1572 1574 1585 1593 1594 1598 1608 1612 1614 1618 1624 1627 1628 1639 1653
895 1525
896 476 1423 1424 1429 1437 1439 1450 1472 1473 1474 1494 1497 1498 1499 1502 1505 1509 1525 1558 1561 1562 1573 1582 1596 1597 1598 1601 1614 1618 1646
897 1525
898 1482 1501 1502 1505 1521 1559 1560 1566 1570 1571 1593 1594 1598 1608 1618 1639
899 1482 1501 1502 1505 1521 1559 1560 1566 1570 1571 1593 1594 1598 1608 1618 1639
900 1525
901 1525
902 1525
903 1525
904 1482 1501 1502 1505 1521 1559 1560 1566 1570 1571 1593 1594 1598 1608 1618 1639
905 249 653 658 761 1407 1450 1482 1496 1585 1618 1633
906 1450 1473 1474 1502 1505 1573 1596 1598 1601 1614 1618
907 1525
908 476 1422 1423 1429 1437 1439 1443 1450 1460 1467 1472 1473 1474 1476 1484 1495 1497 1498 1499 1501 1502 1505 1510 1511 1512 1513 1521 1538 1546 1557 1558 1559 1561 1562 1563 1564 1566 1567 1569 1570 1571 1572 1573 1574 1585 1596 1598 1601 1608 1612 1614 1618 1624 1627 1628 1639 1646 1653
909 1482 1501 1502 1505 1521 1525 1559 1560 1566 1570 1571 1593 1594 1598 1608 1618 1639
910 1482 1501 1502 1505 1521 1559 1560 1566 1570 1571 1593 1594 1598 1608 1618 1639
911 1450 1473 1474 1502 1505 1525 1573 1596 1598 1601 1614 1618
912 1450 1473 1474 1502 1505 1525 1573 1596 1598 1601 1614 1618
913 1525
914 1525
915 1525
916 1525
917 476 1460 1538 1557 1559 1561 1562 1564 1566 1567 1570 1571 1572 1608 1614 1618 1628 1639
918 476 1423 1424 1429 1437 1439 1450 1472 1473 1474 1494 1497 1498 1499 1502 1505 1509 1525 1558 1561 1562 1573 1582 1596 1597 1598 1601 1614 1618 1646
919 1525
920 1525
921 1425 1450 1482 1485 1491 1501 1502 1505 1508 1521 1525 1529 1530 1531 1534 1557 1559 1566 1570 1571 1572 1581 1583 1598 1608 1614 1618 1632 1633 1637 1639
922 1525
923 1525
924 476 1423 1429 1437 1439 1472 1497 1498 1499 1502 1525 1558 1618 1646
925 476 1423 1429 1437 1439 1472 1482 1497 1498 1499 1501 1502 1505 1521 1558 1559 1560 1566 1570 1571 1593 1594 1598 1608 1618 1639 1646
926 1525
927 761 1450 1473 1474 1482 1501 1502 1505 1525 1546 1573 1596 1598 1601 1604 1608 1614 1618 1631
928 1525
929 1525
930 476 1423 1424 1429 1437 1439 1450 1472 1473 1474 1494 1497 1498 1499 1502 1505 1509 1525 1558 1561 1562 1573 1582 1596 1597 1598 1601 1614 1618 1646
931 1525
932 249 653 658 761 1407 1441 1450 1473 1474 1482 1486 1487 1496 1502 1505 1515 1573 1585 1596 1598 1601 1614 1618 1633
933 476 1423 1429 1437 1439 1472 1482 1497 1498 1499 1501 1502 1505 1521 1558 1559 1560 1566 1570 1571 1593 1594 1598 1608 1618 1639 1646
934 1525
935 1525
936 1482 1501 1502 1505 1521 1559 1560 1566 1570 1571 1593 1594 1598 1608 1618 1639
937 1473 1490 1501 1521 1525 1562 1566 1570 1571 1572 1574 1576 1591 1598 1608 1637
938 476 1423 1429 1437 1439 1450 1472 1473 1474 1497 1498 1499 1502 1505 1558 1573 1596 1598 1601 1614 1618 1646
939 1482 1501 1502 1505 1521 1559 1560 1566 1570 1571 1593 1594 1598 1608 1618 1639
940 1525
941 1525
942 1450 1473 1474 1482 1501 1502 1505 1521 1559 1560 1566 1570 1571 1573 1593 1594 1596 1598 1601 1608 1614 1618
943 1525
944 1525
945 1482 1501 1502 1505 1521 1559 1560 1566 1570 1571 1593 1594 1598 1608 1618 1639
946 476 1423 1429 1437 1439 1472 1497 1498 1499 1502 1558 1618 1646
947 476 1423 1424 1429 1437 1439 1450 1472 1473 1474 1494 1497 1498 1499 1502 1505 1509 1558 1561 1562 1573 1582 1596 1597 1598 1601 1614 1618 1646
948 476 1422 1429 1437 1443 1450 1460 1467 1472 1476 1484 1495 1497 1501 1502 1510 1511 1512 1513 1521 1538 1546 1557 1559 1561 1562 1563 1564 1566 1567 1569 1570 1571 1572 1574 1585 1598 1608 1612 1614 1618 1624 1627 1628 1639 1653
949 1482 1501 1502 1505 1521 1559 1560 1566 1570 1571 1593 1594 1598 1608 1618 1639
950 1482 1501 1502 1505 1521 1559 1560 1566 1570 1571 1593 1594 1598 1608 1618 1639
951 1482 1501 1502 1505 1521 1559 1560 1566 1570 1571 1593 1594 1598 1608 1618 1639
952 1473 1490 1501 1521 1525 1562 1566 1570 1571 1572 1574 1576 1591 1598 1608 1637
953 1525
954 476 1423 1429 1437 1439 1450 1472 1473 1474 1482 1497 1498 1499 1501 1502 1505 1521 1538 1557 1558 1559 1560 1563 1566 1569 1570 1571 1572 1573 1574 1593 1594 1596 1598 1601 1608 1614 1618 1639 1646
955 476 1423 1429 1437 1439 1450 1472 1473 1474 1497 1498 1499 1502 1505 1558 1573 1596 1598 1601 1614 1618 1646
956 1425 1450 1461 1462 1463 1472 1482 1501 1502 1505 1508 1521 1534 1557 1559 1561 1562 1566 1570 1571 1572 1583 1598 1608 1618 1637 1639
957 1525
958 1425 1450 1482 1485 1491 1501 1502 1505 1508 1521 1525 1529 1530 1531 1534 1557 1559 1566 1570 1571 1572 1581 1583 1598 1608 1614 1618 1632 1633 1637 1639
959 476 1423 1429 1437 1439 1472 1482 1497 1498 1499 1501 1502 1505 1521 1558 1559 1560 1566 1570 1571 1593 1594 1598 1608 1618 1646
960 1482 1501 1502 1505 1521 1559 1560 1566 1570 1571 1593 1594 1598 1608 1618
961 1482 1501 1502 1505 1521 1559 1560 1566 1570 1571 1593 1594 1598 1608 1618 1639
962 1455 1459 1473 1489 1501 1559 1562 1564 1566 1567 1570 1571 1572 1608 1613 1614 1618 1637 1641
963 1525
964 1482 1501 1502 1505 1521 1559 1560 1566 1570 1571 1593 1594 1598 1608 1618 1639
965 1482 1501 1502 1505 1521 1559 1560 1566 1570 1571 1593 1594 1598 1608 1618 1639
966 1455 1459 1473 1489 1501 1559 1562 1564 1566 1567 1570 1571 1572 1608 1613 1614 1618 1637 1641
967 249 653 658 761 1407 1441 1450 1473 1474 1482 1486 1487 1496 1502 1505 1515 1573 1585 1596 1598 1601 1614 1618 1633
968 1525
969 1525
970 1482 1501 1502 1505 1521 1525 1559 1560 1566 1570 1571 1593 1594 1598 1608 1618 1639
971 1525
972 1482 1501 1502 1505 1521 1559 1560 1566 1570 1571 1593 1594 1598 1608 1618 1639
973 1482 1501 1502 1505 1521 1525 1559 1560 1566 1570 1571 1593 1594 1598 1608 1618 1639
974 1450 1473 1474 1502 1505 1573 1596 1598 1601 1614 1618
975 1482 1501 1502 1505 1521 1559 1560 1566 1570 1571 1593 1594 1598 1608 1618 1639
976 1525
977 1482 1501 1502 1505 1521 1559 1560 1566 1570 1571 1593 1594 1598 1608 1618 1639
978 1482 1501 1502 1505 1521 1559 1560 1566 1570 1571 1593 1594 1598 1608 1618 1639
979 1455 1459 1473 1489 1501 1559 1562 1564 1566 1567 1570 1571 1572 1608 1613 1614 1618 1637 1641
980 1525
981 1455 1459 1473 1489 1501 1559 1562 1564 1566 1567 1570 1571 1572 1608 1613 1614 1618 1637 1641
982 1525
983 1525
984 1525 1639
985 1525
986 1482 1501 1502 1505 1521 1559 1560 1566 1570 1571 1593 1594 1598 1608 1618 1639
987 658 1463 1482 1483 1491 1501 1502 1505 1509 1521 1530 1540 1557 1559 1560 1561 1562 1564 1566 1567 1570 1571 1581 1582 1591 1593 1594 1598 1601 1608 1609 1614 1618 1619 1632 1637 1639
988 1525
989 1525
990 476 1422 1429 1437 1443 1450 1460 1467 1472 1476 1482 1484 1495 1497 1501 1502 1505 1510 1511 1512 1513 1521 1538 1546 1557 1559 1560 1561 1562 1563 1564 1566 1567 1569 1570 1571 1572 1574 1585 1593 1594 1598 1608 1612 1614 1618 1624 1627 1628 1639 1653
991 476 1460 1538 1557 1559 1561 1562 1564 1566 1567 1570 1571 1572 1608 1614 1618 1628 1639
992 1482
993 1525
994 1425 1461 1462 1463 1472 1501 1502 1505 1525 1561 1562 1570 1598 1608 1618
995 1482 1501 1502 1505 1521 1559 1560 1566 1570 1571 1593 1594 1598 1608 1618 1639
996 1525
997 1525
998 1455 1459 1473 1489 1501 1525 1559 1562 1564 1566 1567 1570 1571 1572 1608 1613 1614 1618 1637 1641
999 1482 1501 1502 1505 1521 1525 1559 1560 1566 1570 1571 1593 1594 1598 1608 1618 1639
1000 476 1423 1429 1437 1439 1450 1472 1473 1474 1497 1498 1499 1502 1505 1558 1573 1596 1598 1601 1614 1618 1646
1001 1482 1501 1502 1505 1521 1525 1559 1560 1566 1570 1571 1593 1594 1598 1608 1618 1639
1002 1525
1003 249 653 658 761 1407 1441 1450 1473 1474 1482 1486 1487 1496 1502 1505 1515 1573 1585 1596 1598 1601 1614 1618 1633
1004 476 1460 1525 1538 1557 1559 1561 1562 1564 1566 1567 1570 1571 1572 1608 1614 1618 1628 1639
1005 1618
1006 1441 1447 1450 1482 1486 1487 1501 1502 1505 1513 1515 1521 1525 1538 1557 1559 1560 1563 1566 1570 1571 1572 1574 1584 1593 1594 1598 1608 1618 1639
1007 658 1455 1459 1473 1489 1501 1559 1562 1564 1566 1567 1570 1571 1572 1608 1613 1614 1618 1637 1641
1008 1525
1009 476 1422 1429 1437 1443 1450 1460 1467 1472 1476 1484 1495 1497 1501 1502 1510 1511 1512 1513 1521 1538 1546 1557 1559 1561 1562 1563 1564 1566 1567 1569 1570 1571 1572 1574 1585 1598 1608 1612 1614 1618 1624 1627 1628 1639 1653
1010 1525
1011 1525
1012 296 476 658 683 761 1407 1424 1425 1438 1440 1446 1452 1453 1454 1458 1464 1465 1466 1470 1472 1475 1482 1493 1494 1496 1501 1502 1505 1510 1514 1521 1528 1533 1538 1542 1546 1548 1549 1552 1557 1559 1560 1561 1562 1566 1567 1570 1571 1572 1574 1580 1582 1588 1589 1592 1598 1604 1605 1606 1608 1614 1615 1618 1620 1621 1630 1631 1639 1642 1652
1013 1525
1014 1482 1538 1541 1557 1559 1561 1562 1563 1564 1566 1567 1570 1571 1572 1574 1598 1601 1608 1637
1015 1525
1016 476 1423 1424 1429 1437 1439 1455 1459 1472 1473 1489 1494 1497 1498 1499 1501 1502 1505 1509 1525 1558 1559 1561 1562 1564 1566 1567 1570 1571 1572 1582 1597 1598 1608 1613 1614 1618 1637 1641 1646
1017 1482 1501 1502 1505 1521 1559 1560 1566 1570 1571 1593 1594 1598 1608 1618 1639
1018 1482 1501 1502 1505 1521 1559 1560 1566 1570 1571 1593 1594 1598 1608 1618 1639
1019 1482 1501 1502 1505 1521 1559 1560 1566 1570 1571 1593 1594 1598 1608 1618 1639
1020 1482 1501 1502 1505 1521 1559 1560 1566 1570 1571 1593 1594 1598 1608 1618 1639
1021 476 1423 1429 1437 1439 1472 1497 1498 1499 1502 1525 1558 1618 1646
1022 476 761 1423 1429 1437 1439 1450 1472 1473 1474 1482 1497 1498 1499 1501 1502 1503 1505 1521 1525 1546 1558 1559 1560 1561 1562 1564 1566 1567 1570 1571 1573 1574 1593 1594 1596 1598 1601 1604 1608 1614 1618 1631 1639 1646
1023 1525
1024 1450 1473 1474 1482 1501 1502 1505 1521 1559 1560 1566 1570 1571 1573 1593 1594 1596 1598 1601 1608 1614 1618 1639
1025 1482 1501 1502 1505 1521 1559 1560 1566 1570 1571 1593 1594 1598 1608 1618 1639
1026 1482 1501 1502 1505 1521 1559 1560 1566 1570 1571 1593 1594 1598 1608 1618 1639
1027 1482 1501 1502 1505 1521 1559 1560 1566 1570 1571 1593 1594 1598 1608 1618 1639
1028 476 1423 1424 1429 1437 1439 1450 1472 1473 1474 1494 1497 1498 1499 1502 1505 1509 1558 1561 1562 1573 1582 1596 1597 1598 1601 1614 1618 1646
1029 1525
1030 1482 1501 1502 1505 1521 1559 1560 1566 1570 1571 1593 1594 1598 1608 1618 1639
1031 476 761 1422 1427 1429 1430 1437 1441 1443 1448 1450 1451 1460 1467 1468 1469 1472 1473 1474 1476 1477 1482 1484 1486 1487 1494 1495 1497 1501 1502 1505 1510 1511 1512 1513 1515 1518 1519 1520 1521 1524 1531 1532 1538 1539 1544 1546 1547 1557 1559 1560 1561 1562 1563 1564 1566 1567 1569 1570 1571 1572 1573 1574 1579 1581 1582 1585 1586 1593 1594 1596 1598 1601 1604 1608 1610 1611 1612 1614 1617 1618 1624 1626 1627 1628 1633 1634 1636 1639 1643 1645 1653
1032 476 1423 1424 1429 1437 1439 1472 1494 1497 1498 1499 1502 1505 1509 1558 1561 1562 1582 1597 1598 1618 1646
1033 1525
1034 1482 1501 1502 1505 1521 1559 1560 1566 1570 1571 1593 1594 1598 1608 1618 1639
1035 1525
1036 1455 1459 1473 1489 1501 1559 1562 1564 1566 1567 1570 1571 1572 1608 1613 1614 1618 1637 1641
1037 1455 1459 1473 1489 1501 1559 1562 1564 1566 1567 1570 1571 1572 1608 1613 1614 1618 1637 1641
1038 1525 1639
1039 1525
1040 1525
1041 1482 1501 1502 1505 1521 1525 1559 1560 1566 1570 1571 1593 1594 1598 1608 1618 1639
